ts_code,trade_date,open,high,low,close,vol,amount
002127.SZ,20260416,2.79,2.82,2.77,2.81,199586.46,55795.388
002127.SZ,20260415,2.8,2.83,2.78,2.79,157995.82,44269.594
002127.SZ,20260414,2.83,2.84,2.77,2.81,176953.0,49544.729
002127.SZ,20260413,2.81,2.83,2.79,2.82,160022.0,44976.329
002127.SZ,20260410,2.8,2.85,2.79,2.82,224356.37,63504.345
002127.SZ,20260409,2.81,2.83,2.78,2.79,260367.89,72887.961
002127.SZ,20260408,2.77,2.82,2.75,2.82,323239.08,90199.613
002127.SZ,20260407,2.68,2.73,2.66,2.72,183474.74,49715.876
002127.SZ,20260403,2.74,2.74,2.66,2.66,184618.0,49532.636
002127.SZ,20260402,2.78,2.78,2.71,2.73,243083.0,66643.139
002127.SZ,20260401,2.83,2.85,2.78,2.78,181718.31,50828.988
002127.SZ,20260331,2.81,2.86,2.79,2.8,203786.0,57631.729
002127.SZ,20260330,2.77,2.82,2.75,2.81,215280.0,60069.101
002127.SZ,20260327,2.75,2.81,2.73,2.8,215307.0,60094.328
002127.SZ,20260326,2.8,2.84,2.76,2.76,204175.0,57020.175
002127.SZ,20260325,2.76,2.81,2.75,2.8,257399.28,71647.876
002127.SZ,20260324,2.72,2.76,2.66,2.75,291258.0,79005.347
002127.SZ,20260323,2.77,2.77,2.64,2.66,382658.45,103431.087
002127.SZ,20260320,2.93,2.95,2.8,2.8,385467.0,110206.024
002127.SZ,20260319,2.98,3.0,2.93,2.93,263318.0,77831.286
002127.SZ,20260318,3.04,3.04,2.98,3.0,223384.95,67070.31
002127.SZ,20260317,3.03,3.08,3.02,3.03,317365.0,96775.008
002127.SZ,20260316,3.02,3.04,3.01,3.03,186262.89,56299.423
002127.SZ,20260313,3.0,3.04,2.99,3.01,228531.0,69057.834
002127.SZ,20260312,3.01,3.04,3.0,3.01,204384.62,61667.628
002127.SZ,20260311,3.04,3.04,3.0,3.02,168431.1,50810.448
002127.SZ,20260310,3.05,3.06,3.01,3.04,210551.63,63898.249
002127.SZ,20260309,3.0,3.04,2.97,3.03,252495.49,75855.49
002127.SZ,20260306,2.98,3.03,2.96,3.03,228344.01,68744.836
002127.SZ,20260305,3.01,3.02,2.98,2.99,193572.5,57991.01
002127.SZ,20260304,2.98,3.01,2.95,2.96,240895.84,71663.403
002127.SZ,20260303,3.11,3.12,2.98,3.0,491965.0,149964.839
002127.SZ,20260302,3.15,3.15,3.08,3.11,383751.92,119418.622
002127.SZ,20260227,3.17,3.19,3.16,3.18,178623.33,56759.137
002127.SZ,20260226,3.2,3.2,3.16,3.18,265742.5,84252.422
002127.SZ,20260225,3.18,3.22,3.17,3.2,298549.46,95657.819
002127.SZ,20260224,3.2,3.21,3.16,3.18,219542.6,69766.133
002127.SZ,20260213,3.2,3.22,3.16,3.17,278551.87,88739.742
002127.SZ,20260212,3.26,3.27,3.17,3.19,493179.85,157996.114
002127.SZ,20260211,3.29,3.3,3.25,3.28,447758.0,146646.023
002127.SZ,20260210,3.26,3.44,3.23,3.33,831223.43,276853.846
002127.SZ,20260209,3.22,3.26,3.21,3.25,289597.41,93951.734
002127.SZ,20260206,3.22,3.23,3.17,3.19,256564.0,82059.794
002127.SZ,20260205,3.19,3.24,3.19,3.23,327652.9,105563.609
002127.SZ,20260204,3.17,3.21,3.15,3.21,313237.67,99656.273
002127.SZ,20260203,3.17,3.2,3.15,3.18,297527.42,94497.135
002127.SZ,20260202,3.21,3.24,3.15,3.16,422362.28,134898.59
002127.SZ,20260130,3.25,3.28,3.21,3.22,570725.91,184529.871
002127.SZ,20260129,3.25,3.37,3.23,3.31,646830.38,214680.428
002127.SZ,20260128,3.3,3.33,3.27,3.27,497366.2,163544.639
002127.SZ,20260127,3.33,3.42,3.29,3.32,705622.17,235624.182
002127.SZ,20260126,3.4,3.41,3.31,3.33,522487.5,174051.508
002127.SZ,20260123,3.32,3.4,3.32,3.39,524516.42,176696.852
002127.SZ,20260122,3.3,3.34,3.27,3.33,357106.53,118294.279
002127.SZ,20260121,3.34,3.36,3.28,3.29,539935.05,178548.716
002127.SZ,20260120,3.35,3.38,3.32,3.35,440251.13,147327.468
002127.SZ,20260119,3.33,3.35,3.28,3.34,409482.92,136381.382
002127.SZ,20260116,3.46,3.51,3.33,3.34,915122.0,308406.625
002127.SZ,20260115,3.62,3.62,3.45,3.48,974270.13,342194.643
002127.SZ,20260114,3.52,3.8,3.5,3.65,1655639.3,607333.478
002127.SZ,20260113,3.49,3.58,3.49,3.53,889741.0,315160.233
002127.SZ,20260112,3.35,3.53,3.34,3.52,1176858.21,408628.828
002127.SZ,20260109,3.24,3.32,3.23,3.31,477278.89,156279.198
002127.SZ,20260108,3.2,3.25,3.19,3.24,256162.03,82650.704
002127.SZ,20260107,3.27,3.27,3.2,3.2,362989.22,116978.317
002127.SZ,20260106,3.24,3.28,3.22,3.27,391889.09,127714.377
002127.SZ,20260105,3.33,3.33,3.12,3.22,747538.17,239902.073
002127.SZ,20251231,3.41,3.42,3.37,3.37,324440.69,109865.728
002127.SZ,20251230,3.41,3.44,3.39,3.4,383708.17,130690.042
002127.SZ,20251229,3.45,3.47,3.42,3.42,280442.1,96260.99
002127.SZ,20251226,3.49,3.5,3.44,3.46,359894.0,124779.408
002127.SZ,20251225,3.44,3.52,3.44,3.5,481029.0,167937.014
002127.SZ,20251224,3.45,3.46,3.42,3.45,435928.0,149949.834
002127.SZ,20251223,3.54,3.55,3.45,3.45,471284.76,163964.787
002127.SZ,20251222,3.61,3.62,3.52,3.53,568532.63,202564.343
002127.SZ,20251219,3.49,3.64,3.45,3.63,898072.3,322036.288
002127.SZ,20251218,3.43,3.51,3.42,3.48,429752.18,149532.608
002127.SZ,20251217,3.41,3.46,3.38,3.45,332227.18,113705.204
002127.SZ,20251216,3.41,3.48,3.4,3.43,267311.88,91791.93
002127.SZ,20251215,3.41,3.43,3.38,3.41,203787.0,69367.98
002127.SZ,20251212,3.43,3.47,3.4,3.42,221468.21,76045.977
002127.SZ,20251211,3.56,3.57,3.42,3.42,520965.0,181101.732
002127.SZ,20251210,3.45,3.58,3.45,3.58,574519.6,203361.402
002127.SZ,20251209,3.47,3.51,3.45,3.46,292796.71,101692.45
002127.SZ,20251208,3.47,3.5,3.46,3.48,299165.36,104090.982
002127.SZ,20251205,3.41,3.46,3.37,3.45,310303.04,106175.138
002127.SZ,20251204,3.5,3.51,3.4,3.41,491163.5,168406.462
002127.SZ,20251203,3.55,3.59,3.49,3.51,369228.22,129948.397
002127.SZ,20251202,3.56,3.57,3.5,3.55,307301.19,108558.85
002127.SZ,20251201,3.59,3.61,3.55,3.57,312764.48,111910.768
002127.SZ,20251128,3.58,3.6,3.54,3.6,339337.0,121171.676
002127.SZ,20251127,3.66,3.66,3.59,3.6,349835.03,126643.471
002127.SZ,20251126,3.61,3.72,3.61,3.65,589821.92,215533.899
002127.SZ,20251125,3.58,3.65,3.56,3.62,446818.25,161989.191
002127.SZ,20251124,3.48,3.59,3.45,3.57,480779.09,169911.597
002127.SZ,20251121,3.51,3.59,3.45,3.46,524048.1,183492.319
002127.SZ,20251120,3.62,3.64,3.5,3.54,492184.85,174665.289
002127.SZ,20251119,3.67,3.68,3.61,3.62,406350.09,148002.9
002127.SZ,20251118,3.63,3.68,3.62,3.67,490164.15,179316.071
002127.SZ,20251117,3.59,3.65,3.58,3.64,342221.75,123910.088
002127.SZ,20251114,3.61,3.68,3.59,3.59,327492.06,118995.057
002127.SZ,20251113,3.6,3.62,3.55,3.62,291147.7,104693.942
002127.SZ,20251112,3.63,3.65,3.58,3.59,271530.83,98033.413
002127.SZ,20251111,3.64,3.65,3.59,3.63,327686.13,118586.835
002127.SZ,20251110,3.54,3.64,3.52,3.64,524661.66,188754.337
002127.SZ,20251107,3.54,3.56,3.52,3.54,194563.97,68990.559
002127.SZ,20251106,3.6,3.62,3.54,3.55,321622.05,114400.428
002127.SZ,20251105,3.54,3.62,3.52,3.6,396993.49,142739.711
002127.SZ,20251104,3.56,3.57,3.52,3.56,301824.5,106949.18
002127.SZ,20251103,3.51,3.58,3.5,3.57,411640.0,146015.371
002127.SZ,20251031,3.41,3.54,3.4,3.53,603343.0,211019.121
002127.SZ,20251030,3.45,3.45,3.4,3.4,284332.01,97233.993
002127.SZ,20251029,3.49,3.49,3.42,3.45,371878.0,127956.925
002127.SZ,20251028,3.49,3.52,3.47,3.48,203747.47,71057.763
002127.SZ,20251027,3.51,3.52,3.48,3.5,251970.0,88158.905
002127.SZ,20251024,3.53,3.55,3.48,3.5,259021.0,90927.282
002127.SZ,20251023,3.51,3.54,3.47,3.53,255801.68,89668.056
002127.SZ,20251022,3.52,3.55,3.5,3.51,223864.0,78889.952
002127.SZ,20251021,3.5,3.54,3.48,3.53,274846.0,96566.299
002127.SZ,20251020,3.48,3.5,3.45,3.5,232864.06,80976.409
002127.SZ,20251017,3.51,3.54,3.44,3.44,286119.66,99675.417
002127.SZ,20251016,3.56,3.56,3.5,3.51,307181.37,108189.937
002127.SZ,20251015,3.43,3.58,3.41,3.57,638592.9,225837.804
002127.SZ,20251014,3.45,3.49,3.43,3.43,289565.9,100000.819
002127.SZ,20251013,3.42,3.46,3.36,3.45,384826.06,131780.789
002127.SZ,20251010,3.51,3.54,3.49,3.52,277692.39,97684.756
002127.SZ,20251009,3.51,3.53,3.46,3.52,314366.51,110040.555
002127.SZ,20250930,3.52,3.55,3.5,3.51,287026.52,101226.344
002127.SZ,20250929,3.5,3.51,3.43,3.49,358159.18,124116.837
002127.SZ,20250926,3.49,3.54,3.48,3.51,305848.11,107436.433
002127.SZ,20250925,3.56,3.57,3.51,3.51,361378.05,127745.641
002127.SZ,20250924,3.52,3.56,3.49,3.55,350664.48,123781.136
002127.SZ,20250923,3.6,3.61,3.46,3.53,590343.01,207198.461
002127.SZ,20250922,3.68,3.7,3.59,3.62,495190.52,179576.018
002127.SZ,20250919,3.74,3.75,3.67,3.71,502850.78,186289.405
002127.SZ,20250918,3.84,3.84,3.72,3.75,742817.28,281026.295
002127.SZ,20250917,3.87,3.89,3.81,3.83,797864.75,306171.841
002127.SZ,20250916,3.78,3.92,3.75,3.9,1251126.65,484370.732
002127.SZ,20250915,3.74,3.78,3.72,3.76,391243.8,146863.63
002127.SZ,20250912,3.76,3.81,3.72,3.73,362088.72,135863.864
002127.SZ,20250911,3.77,3.78,3.71,3.76,449894.57,168135.18
002127.SZ,20250910,3.75,3.83,3.73,3.79,594782.61,225094.717
002127.SZ,20250909,3.72,3.75,3.71,3.74,419181.45,156408.776
002127.SZ,20250908,3.73,3.76,3.7,3.73,471545.04,175876.049
002127.SZ,20250905,3.67,3.73,3.58,3.73,647810.5,236905.941
002127.SZ,20250904,3.61,3.7,3.6,3.67,656405.37,240446.853
002127.SZ,20250903,3.67,3.7,3.58,3.6,478195.52,174413.824
002127.SZ,20250902,3.71,3.74,3.64,3.67,513992.62,189006.207
002127.SZ,20250901,3.67,3.75,3.67,3.7,505796.71,187849.309
002127.SZ,20250829,3.68,3.72,3.65,3.67,406561.1,149811.692
002127.SZ,20250828,3.68,3.74,3.58,3.7,601963.94,220284.774
002127.SZ,20250827,3.79,3.85,3.69,3.69,836557.64,316242.459
002127.SZ,20250826,3.78,3.82,3.76,3.8,535571.1,203562.947
002127.SZ,20250825,3.76,3.79,3.73,3.78,530413.61,199783.847
002127.SZ,20250822,3.76,3.77,3.71,3.76,438547.22,163779.486
002127.SZ,20250821,3.73,3.83,3.71,3.76,870617.0,328452.206
002127.SZ,20250820,3.68,3.73,3.66,3.73,459410.99,169693.097
002127.SZ,20250819,3.66,3.7,3.63,3.7,474611.59,174487.238
002127.SZ,20250818,3.56,3.69,3.56,3.67,679525.0,247827.711
002127.SZ,20250815,3.52,3.57,3.51,3.56,389771.19,138307.708
002127.SZ,20250814,3.65,3.66,3.52,3.53,790960.0,282320.44
002127.SZ,20250813,3.65,3.7,3.64,3.66,404883.96,148394.875
002127.SZ,20250812,3.62,3.65,3.59,3.65,383543.58,139050.822
002127.SZ,20250811,3.6,3.63,3.58,3.63,373180.51,134998.151
002127.SZ,20250808,3.67,3.68,3.6,3.6,580529.0,210264.578
002127.SZ,20250807,3.7,3.71,3.67,3.67,272594.0,100447.063
002127.SZ,20250806,3.69,3.71,3.65,3.7,366964.0,135025.589
002127.SZ,20250805,3.68,3.7,3.66,3.7,255791.05,94376.801
002127.SZ,20250804,3.67,3.67,3.63,3.66,321719.52,117401.636
002127.SZ,20250801,3.7,3.75,3.67,3.69,318680.88,117799.277
002127.SZ,20250731,3.71,3.76,3.69,3.7,303296.88,112750.847
002127.SZ,20250730,3.71,3.75,3.69,3.73,444481.96,165291.271
002127.SZ,20250729,3.81,3.81,3.68,3.73,703680.6,261747.153
002127.SZ,20250728,3.84,3.85,3.78,3.79,424403.0,161527.492
002127.SZ,20250725,3.87,3.87,3.82,3.82,464204.0,178133.936
002127.SZ,20250724,3.8,3.88,3.79,3.87,725250.18,278211.334
002127.SZ,20250723,3.78,3.83,3.75,3.79,539432.0,205102.245
002127.SZ,20250722,3.81,3.81,3.75,3.78,410759.98,155129.537
002127.SZ,20250721,3.77,3.81,3.75,3.8,395398.0,150074.304
002127.SZ,20250718,3.81,3.83,3.76,3.78,427899.54,161936.927
002127.SZ,20250717,3.87,3.88,3.77,3.81,750292.15,285568.948
002127.SZ,20250716,3.82,3.9,3.82,3.85,366311.38,141531.012
002127.SZ,20250715,3.9,3.92,3.79,3.84,525564.71,201705.435
002127.SZ,20250714,3.98,4.0,3.9,3.92,477674.97,187761.656
002127.SZ,20250711,4.04,4.05,3.96,4.0,513269.54,205185.971
002127.SZ,20250710,4.06,4.09,4.02,4.05,386081.4,156442.821
002127.SZ,20250709,4.01,4.08,4.01,4.06,411215.46,166711.941
002127.SZ,20250708,3.97,4.03,3.96,4.01,317517.49,127309.209
002127.SZ,20250707,3.91,3.98,3.9,3.98,299978.46,118797.91
002127.SZ,20250704,3.96,3.96,3.91,3.91,224848.75,88275.0
002127.SZ,20250703,3.91,3.98,3.9,3.96,300131.0,118333.102
002127.SZ,20250702,3.93,3.94,3.88,3.91,234931.0,91729.295
002127.SZ,20250701,3.96,3.97,3.91,3.94,307673.48,121026.843
002127.SZ,20250630,3.98,4.01,3.96,3.97,388393.67,154778.443
002127.SZ,20250627,3.99,4.02,3.97,3.98,246213.5,98302.108
002127.SZ,20250626,3.96,4.04,3.93,3.99,514297.41,205601.538
002127.SZ,20250625,3.95,4.01,3.92,3.97,505190.25,199942.928
002127.SZ,20250624,3.86,3.95,3.86,3.94,325278.34,127574.322
002127.SZ,20250623,3.81,3.87,3.78,3.87,315469.0,121597.17
002127.SZ,20250620,3.84,3.88,3.78,3.84,398896.48,152668.968
002127.SZ,20250619,3.91,3.91,3.83,3.87,390242.48,150650.672
002127.SZ,20250618,3.97,3.97,3.9,3.92,341697.52,133824.006
002127.SZ,20250617,4.01,4.04,3.95,3.98,358218.0,142371.882
002127.SZ,20250616,3.96,4.06,3.92,4.04,580681.55,230967.682
002127.SZ,20250613,4.09,4.09,3.92,3.94,747830.12,297107.211
002127.SZ,20250612,4.14,4.16,4.09,4.1,400072.5,164666.113
002127.SZ,20250611,4.08,4.2,4.08,4.14,529399.42,220335.513
002127.SZ,20250610,4.14,4.16,4.05,4.1,474231.33,194720.237
002127.SZ,20250609,4.11,4.17,4.09,4.15,482209.62,199348.506
002127.SZ,20250606,4.13,4.15,4.08,4.09,496154.81,203336.971
002127.SZ,20250605,4.22,4.25,4.08,4.16,821813.87,340239.544
002127.SZ,20250604,4.22,4.27,4.19,4.23,379118.01,159765.116
002127.SZ,20250603,4.2,4.32,4.18,4.24,492367.0,208670.138
002127.SZ,20250530,4.28,4.31,4.24,4.25,456832.42,194858.207
002127.SZ,20250529,4.32,4.39,4.17,4.31,773328.95,331023.615
002127.SZ,20250528,4.51,4.54,4.29,4.32,674704.91,293123.93
002127.SZ,20250527,4.51,4.59,4.42,4.5,479917.45,215908.821
002127.SZ,20250526,4.6,4.64,4.46,4.51,619377.6,280622.235
002127.SZ,20250523,4.73,4.78,4.61,4.61,856764.18,400755.107
002127.SZ,20250522,4.93,5.1,4.75,4.77,1262478.59,620124.122
002127.SZ,20250521,5.1,5.1,4.88,4.9,1067637.82,529582.718
002127.SZ,20250520,5.0,5.35,4.94,5.13,1917014.55,987944.553
002127.SZ,20250519,4.71,5.06,4.69,5.02,1450577.73,712287.019
002127.SZ,20250516,4.44,4.9,4.43,4.69,1441768.42,677871.729
002127.SZ,20250515,4.49,4.55,4.45,4.48,467050.12,209832.435
002127.SZ,20250514,4.44,4.6,4.43,4.49,731942.0,330006.82
002127.SZ,20250513,4.66,4.68,4.44,4.48,707352.0,318849.058
002127.SZ,20250512,4.53,4.61,4.47,4.6,466155.44,212561.408
002127.SZ,20250509,4.49,4.51,4.39,4.47,396038.08,176318.344
002127.SZ,20250508,4.46,4.63,4.42,4.52,603204.14,274517.024
002127.SZ,20250507,4.52,4.59,4.41,4.45,425979.99,191512.538
002127.SZ,20250506,4.39,4.53,4.38,4.48,516176.83,230490.144
002127.SZ,20250430,4.35,4.48,4.34,4.39,372114.96,164371.779
002127.SZ,20250429,4.46,4.46,4.32,4.38,534347.78,233976.602
002127.SZ,20250428,4.61,4.64,4.43,4.5,624616.52,282358.968
002127.SZ,20250425,4.36,4.73,4.36,4.63,1123499.33,515042.041
002127.SZ,20250424,4.4,4.62,4.32,4.47,1038590.8,467266.039
002127.SZ,20250423,4.56,4.69,4.35,4.38,1314437.99,589796.441
002127.SZ,20250422,4.46,4.77,4.45,4.63,1348035.32,619415.117
002127.SZ,20250421,4.35,4.77,4.28,4.49,1436680.65,650763.767
002127.SZ,20250418,4.5,4.65,4.33,4.43,1694544.05,755258.027
002127.SZ,20250417,3.9,4.37,3.86,4.37,1472798.94,618238.2
002127.SZ,20250416,4.14,4.19,3.94,3.97,961169.08,386937.713
002127.SZ,20250415,4.25,4.38,3.91,4.23,1965041.94,811924.727
002127.SZ,20250414,4.18,4.18,4.03,4.18,354328.27,147916.597
002127.SZ,20250411,3.84,3.94,3.8,3.8,384310.24,148713.57
002127.SZ,20250410,3.81,3.99,3.78,3.88,486145.18,189876.112
002127.SZ,20250409,3.52,3.84,3.28,3.74,626507.03,225134.184
002127.SZ,20250408,3.4,3.59,3.4,3.56,608435.31,213141.548
002127.SZ,20250407,3.72,3.73,3.5,3.5,287435.0,102354.43
002127.SZ,20250403,3.87,3.95,3.85,3.89,269216.56,105059.019
002127.SZ,20250402,3.84,3.93,3.84,3.91,284831.38,111031.408
002127.SZ,20250401,3.9,3.95,3.84,3.87,373772.06,145193.643
002127.SZ,20250331,4.13,4.14,3.86,3.9,605065.38,239871.179
002127.SZ,20250328,4.23,4.23,4.11,4.12,247851.92,102805.784
002127.SZ,20250327,4.21,4.27,4.14,4.22,235950.8,99520.288
002127.SZ,20250326,4.17,4.26,4.17,4.21,232312.49,97955.364
002127.SZ,20250325,4.29,4.32,4.15,4.17,314070.0,131858.963
002127.SZ,20250324,4.37,4.41,4.23,4.29,252610.03,109066.309
002127.SZ,20250321,4.43,4.46,4.33,4.39,273130.43,119881.845
002127.SZ,20250320,4.52,4.57,4.43,4.45,265824.38,119359.61
002127.SZ,20250319,4.5,4.62,4.49,4.54,296248.06,134455.997
002127.SZ,20250318,4.65,4.68,4.48,4.52,414416.83,188118.496
002127.SZ,20250317,4.63,4.71,4.59,4.64,645168.57,300510.545
002127.SZ,20250314,4.48,4.64,4.45,4.61,632476.0,288795.991
002127.SZ,20250313,4.48,4.57,4.42,4.51,647074.69,290232.929
002127.SZ,20250312,4.24,4.53,4.22,4.48,1151990.41,505693.454
002127.SZ,20250311,4.12,4.25,4.07,4.24,762176.03,316465.055
002127.SZ,20250310,4.2,4.26,4.18,4.2,250860.9,105521.135
002127.SZ,20250307,4.34,4.35,4.2,4.24,385146.91,164446.276
002127.SZ,20250306,4.22,4.38,4.18,4.35,600718.93,257777.008
002127.SZ,20250305,4.2,4.24,4.11,4.24,386289.23,161306.418
002127.SZ,20250304,4.2,4.21,4.09,4.2,405608.08,168622.025
002127.SZ,20250303,4.37,4.39,4.21,4.21,760120.03,324829.279
002127.SZ,20250228,4.34,4.57,4.33,4.41,851417.78,378232.893
002127.SZ,20250227,4.31,4.4,4.27,4.38,645347.06,279846.469
002127.SZ,20250226,4.31,4.42,4.26,4.3,502804.39,217174.956
002127.SZ,20250225,4.3,4.4,4.22,4.31,616899.55,265517.295
002127.SZ,20250224,4.33,4.44,4.29,4.34,517030.92,225183.985
002127.SZ,20250221,4.52,4.52,4.3,4.34,858702.21,375641.883
002127.SZ,20250220,4.45,4.53,4.35,4.53,704518.65,313711.429
002127.SZ,20250219,4.48,4.51,4.4,4.45,566510.5,252254.318
002127.SZ,20250218,4.8,4.83,4.41,4.46,1029193.73,471818.256
002127.SZ,20250217,4.83,4.87,4.74,4.84,676602.0,325076.245
002127.SZ,20250214,4.94,4.99,4.8,4.85,552174.84,268211.924
002127.SZ,20250213,5.02,5.08,4.89,4.97,604364.44,301558.302
002127.SZ,20250212,4.97,5.08,4.92,5.02,574148.47,287087.158
002127.SZ,20250211,4.93,5.05,4.86,4.99,689850.71,343053.26
002127.SZ,20250210,4.73,5.0,4.73,4.93,737261.8,361438.581
002127.SZ,20250207,4.71,4.83,4.61,4.75,766563.0,363716.967
002127.SZ,20250206,4.72,4.77,4.63,4.73,682805.55,321446.206
002127.SZ,20250205,4.91,4.94,4.69,4.74,762653.0,363754.661
002127.SZ,20250127,5.06,5.2,4.94,4.95,875894.08,442774.862
002127.SZ,20250124,4.93,5.14,4.92,5.1,1138064.08,573258.576
002127.SZ,20250123,4.9,5.08,4.76,5.0,1323667.57,658527.327
002127.SZ,20250122,4.62,5.13,4.59,4.89,1718714.98,846946.346
002127.SZ,20250121,4.68,4.78,4.6,4.67,755455.97,352574.272
002127.SZ,20250120,4.4,4.75,4.36,4.67,1292007.8,593448.218
002127.SZ,20250117,4.65,4.69,4.48,4.5,979905.8,444543.884
002127.SZ,20250116,4.72,4.88,4.57,4.76,1493693.62,708390.801
002127.SZ,20250115,4.8,4.9,4.63,4.67,1430028.78,678577.83
002127.SZ,20250114,4.29,4.73,4.24,4.7,1594141.78,724970.633
002127.SZ,20250113,4.07,4.39,3.91,4.3,1347964.82,553835.433
002127.SZ,20250110,4.48,4.5,4.15,4.16,1268104.75,540528.593
002127.SZ,20250109,4.53,4.79,4.5,4.56,1033656.94,477515.384
002127.SZ,20250108,4.7,4.78,4.47,4.6,1126111.09,517317.461
002127.SZ,20250107,4.7,4.84,4.59,4.73,1265848.04,593061.352
002127.SZ,20250106,4.38,4.93,4.34,4.75,1597510.06,744044.983
002127.SZ,20250103,4.72,4.73,4.42,4.5,1888473.32,861867.534
002127.SZ,20250102,4.36,4.84,4.36,4.83,2870791.18,1365419.953
002127.SZ,20241231,4.39,4.49,4.28,4.4,1109752.0,487461.39
002127.SZ,20241230,4.36,4.4,4.22,4.37,681817.6,294682.821
002127.SZ,20241227,4.28,4.45,4.22,4.36,800608.6,348118.67
002127.SZ,20241226,4.22,4.44,4.21,4.31,959181.26,418253.212
002127.SZ,20241225,4.45,4.45,4.15,4.23,1268231.45,537947.072
002127.SZ,20241224,4.49,4.56,4.35,4.46,1012079.33,450061.743
002127.SZ,20241223,4.9,4.95,4.46,4.48,1975146.82,904603.04
002127.SZ,20241220,4.72,5.13,4.71,4.96,2181589.65,1072649.836
002127.SZ,20241219,4.75,4.8,4.55,4.68,1387771.47,645962.434
002127.SZ,20241218,4.89,4.97,4.7,4.83,1536686.28,740433.496
002127.SZ,20241217,5.32,5.37,4.9,4.94,2442515.43,1234782.903
002127.SZ,20241216,5.14,5.61,5.07,5.42,3669942.94,1983382.12
002127.SZ,20241213,5.03,5.48,4.96,5.1,2775866.15,1430811.662
002127.SZ,20241212,4.79,5.41,4.77,5.25,3291293.1,1688568.03
002127.SZ,20241211,5.01,5.09,4.78,4.93,2550388.46,1258109.754
002127.SZ,20241210,4.81,5.01,4.64,5.01,2219094.89,1071227.044
002127.SZ,20241209,4.65,4.7,4.45,4.55,1701905.87,773333.969
002127.SZ,20241206,4.81,4.88,4.58,4.73,2112604.69,995617.96
002127.SZ,20241205,4.54,4.85,4.52,4.84,2081413.15,984834.57
002127.SZ,20241204,4.69,5.0,4.57,4.65,2684451.78,1289135.117
002127.SZ,20241203,5.0,5.13,4.73,4.74,3637581.56,1778723.57
002127.SZ,20241202,4.74,5.13,4.7,5.13,4642840.82,2329554.9
002127.SZ,20241129,4.2,4.66,4.2,4.66,3126915.74,1413992.984
002127.SZ,20241128,4.39,4.57,4.21,4.24,4260242.9,1865729.001
002127.SZ,20241127,3.73,4.19,3.73,4.19,1562962.04,627633.43
002127.SZ,20241126,3.9,4.35,3.78,3.81,3148920.71,1258839.244
002127.SZ,20241125,4.3,4.4,3.86,4.11,4204348.45,1715494.716
002127.SZ,20241122,4.28,4.28,3.95,4.28,3488165.44,1474505.541
002127.SZ,20241121,3.62,3.89,3.62,3.89,963011.75,364978.209
002127.SZ,20241120,3.21,3.54,3.18,3.54,1418985.92,490840.941
002127.SZ,20241119,3.16,3.22,3.13,3.22,374048.0,118772.173
002127.SZ,20241118,3.31,3.34,3.14,3.16,615835.79,196739.87
002127.SZ,20241115,3.34,3.44,3.27,3.29,500792.5,167891.648
002127.SZ,20241114,3.44,3.48,3.33,3.35,413606.16,140218.772
002127.SZ,20241113,3.44,3.54,3.42,3.47,408350.6,141861.064
002127.SZ,20241112,3.6,3.6,3.43,3.47,713047.29,251224.273
002127.SZ,20241111,3.42,3.64,3.41,3.6,1132072.48,402080.299
002127.SZ,20241108,3.5,3.57,3.42,3.46,775474.45,269743.833
002127.SZ,20241107,3.28,3.46,3.27,3.45,754588.42,256691.876
002127.SZ,20241106,3.29,3.33,3.23,3.3,542812.53,178295.966
002127.SZ,20241105,3.12,3.34,3.11,3.3,781628.09,254320.248
002127.SZ,20241104,3.09,3.13,3.08,3.13,363747.0,112984.068
002127.SZ,20241101,3.23,3.23,3.08,3.09,572526.5,179631.326
002127.SZ,20241031,3.22,3.28,3.18,3.24,502248.7,162498.563
002127.SZ,20241030,3.23,3.29,3.17,3.23,527468.5,170221.986
002127.SZ,20241029,3.37,3.42,3.29,3.29,734727.0,245452.939
002127.SZ,20241028,3.18,3.36,3.18,3.35,647472.0,212749.278
002127.SZ,20241025,3.12,3.18,3.11,3.18,403231.04,127293.993
002127.SZ,20241024,3.13,3.14,3.07,3.12,329926.23,102306.901
002127.SZ,20241023,3.15,3.17,3.11,3.13,425039.77,133482.281
002127.SZ,20241022,3.12,3.19,3.11,3.15,519318.66,163298.851
002127.SZ,20241021,3.09,3.12,3.05,3.1,486995.33,150406.316
002127.SZ,20241018,2.99,3.13,2.97,3.08,560150.76,171455.706
002127.SZ,20241017,3.07,3.1,3.0,3.01,386532.62,117644.141
002127.SZ,20241016,3.01,3.09,2.99,3.05,409635.0,124768.417
002127.SZ,20241015,3.04,3.17,3.0,3.05,656313.57,203469.947
002127.SZ,20241014,3.0,3.05,2.93,3.04,434028.59,130295.687
002127.SZ,20241011,3.11,3.13,2.95,2.99,561523.0,171035.478
002127.SZ,20241010,3.15,3.22,3.08,3.11,586969.24,185287.317
002127.SZ,20241009,3.38,3.38,3.15,3.15,854249.4,277439.721
002127.SZ,20241008,3.62,3.62,3.32,3.5,1056485.23,366618.268
002127.SZ,20240930,3.08,3.29,3.07,3.29,912885.89,291712.174
002127.SZ,20240927,2.92,3.02,2.89,3.0,508386.0,150140.697
002127.SZ,20240926,2.79,2.88,2.77,2.87,442834.63,125067.407
002127.SZ,20240925,2.75,2.83,2.75,2.78,460191.5,128555.084
002127.SZ,20240924,2.67,2.75,2.65,2.74,367086.0,99342.049
002127.SZ,20240923,2.64,2.66,2.6,2.66,195254.5,51574.884
002127.SZ,20240920,2.64,2.64,2.59,2.63,200344.03,52454.366
002127.SZ,20240919,2.55,2.65,2.53,2.63,291780.53,76112.873
002127.SZ,20240918,2.58,2.59,2.49,2.54,203781.94,51573.199
002127.SZ,20240913,2.61,2.64,2.57,2.58,205978.94,53510.386
002127.SZ,20240912,2.62,2.69,2.6,2.61,303088.0,79919.173
002127.SZ,20240911,2.69,2.7,2.62,2.64,478055.88,126592.157
002127.SZ,20240910,2.68,2.86,2.66,2.75,747031.0,205717.635
002127.SZ,20240909,2.64,2.72,2.61,2.67,251146.01,67152.084
002127.SZ,20240906,2.65,2.78,2.65,2.66,381132.06,102959.298
002127.SZ,20240905,2.6,2.69,2.59,2.67,282844.5,74944.802
002127.SZ,20240904,2.6,2.63,2.58,2.59,137058.47,35674.38
002127.SZ,20240903,2.63,2.66,2.6,2.61,146004.0,38307.796
002127.SZ,20240902,2.69,2.69,2.62,2.62,158301.5,41978.603
002127.SZ,20240830,2.59,2.69,2.59,2.67,225188.5,59808.626
002127.SZ,20240829,2.55,2.61,2.53,2.6,151322.0,38987.411
002127.SZ,20240828,2.51,2.57,2.49,2.55,190682.06,48281.956
002127.SZ,20240827,2.57,2.57,2.51,2.52,198603.42,50268.288
002127.SZ,20240826,2.56,2.59,2.53,2.57,141828.48,36362.238
002127.SZ,20240823,2.55,2.57,2.53,2.55,135027.0,34405.44
002127.SZ,20240822,2.63,2.65,2.55,2.55,210557.0,54226.163
002127.SZ,20240821,2.68,2.7,2.61,2.63,212172.44,56107.86
002127.SZ,20240820,2.73,2.74,2.67,2.69,244081.06,65713.818
002127.SZ,20240819,2.66,2.77,2.66,2.72,328220.0,89327.134
002127.SZ,20240816,2.7,2.71,2.66,2.67,129792.03,34790.246
002127.SZ,20240815,2.66,2.73,2.64,2.7,176630.01,47549.881
002127.SZ,20240814,2.66,2.69,2.64,2.66,124002.0,33011.188
002127.SZ,20240813,2.65,2.69,2.62,2.67,145852.4,38701.557
002127.SZ,20240812,2.71,2.71,2.64,2.67,167647.0,44767.922
002127.SZ,20240809,2.75,2.77,2.7,2.71,162506.83,44374.058
002127.SZ,20240808,2.7,2.76,2.68,2.75,175714.0,47918.962
002127.SZ,20240807,2.74,2.75,2.7,2.71,150867.0,41046.603
002127.SZ,20240806,2.69,2.76,2.69,2.75,269235.0,73277.911
002127.SZ,20240805,2.67,2.74,2.66,2.67,247563.0,66971.03
002127.SZ,20240802,2.7,2.73,2.67,2.68,153358.0,41455.88
002127.SZ,20240801,2.74,2.75,2.69,2.71,166676.39,45215.388
002127.SZ,20240731,2.62,2.73,2.61,2.73,252105.58,67888.474
002127.SZ,20240730,2.58,2.62,2.58,2.62,132023.28,34385.057
002127.SZ,20240729,2.6,2.62,2.57,2.6,126694.0,32853.512
002127.SZ,20240726,2.56,2.61,2.56,2.6,130546.0,33843.242
002127.SZ,20240725,2.52,2.58,2.51,2.56,152472.0,38899.992
002127.SZ,20240724,2.56,2.58,2.52,2.53,170510.2,43434.914
002127.SZ,20240723,2.62,2.65,2.58,2.58,156698.82,40962.067
002127.SZ,20240722,2.66,2.67,2.62,2.63,138308.2,36521.045
002127.SZ,20240719,2.67,2.69,2.64,2.67,170187.0,45286.791
002127.SZ,20240718,2.65,2.69,2.61,2.69,193213.01,51225.231
002127.SZ,20240717,2.65,2.68,2.64,2.66,160810.89,42852.816
002127.SZ,20240716,2.66,2.69,2.65,2.66,141679.0,37745.832
002127.SZ,20240715,2.68,2.69,2.64,2.67,178573.6,47631.485
002127.SZ,20240712,2.66,2.71,2.64,2.65,173687.92,46283.101
002127.SZ,20240711,2.59,2.68,2.58,2.67,297309.43,78584.301
002127.SZ,20240710,2.55,2.58,2.52,2.54,139647.16,35537.759
002127.SZ,20240709,2.57,2.59,2.5,2.56,220656.39,56156.079
002127.SZ,20240708,2.65,2.66,2.54,2.57,181449.0,47050.262
002127.SZ,20240705,2.59,2.66,2.56,2.65,175227.0,46021.551
002127.SZ,20240704,2.68,2.68,2.6,2.6,169373.0,44428.487
002127.SZ,20240703,2.64,2.69,2.63,2.67,179209.0,47841.427
002127.SZ,20240702,2.63,2.66,2.61,2.64,171944.0,45460.732
002127.SZ,20240701,2.61,2.63,2.56,2.62,158546.0,41259.684
002127.SZ,20240628,2.64,2.68,2.6,2.6,194812.0,51529.461
002127.SZ,20240627,2.65,2.69,2.64,2.64,231470.8,61595.456
002127.SZ,20240626,2.53,2.67,2.51,2.66,295355.12,76796.517
002127.SZ,20240625,2.52,2.55,2.5,2.52,168346.0,42456.642
002127.SZ,20240624,2.56,2.56,2.48,2.51,236916.64,59629.943
002127.SZ,20240621,2.6,2.62,2.57,2.58,151155.92,39122.417
002127.SZ,20240620,2.69,2.69,2.59,2.59,243416.05,63845.885
002127.SZ,20240619,2.73,2.74,2.68,2.68,169894.12,45929.662
002127.SZ,20240618,2.71,2.75,2.71,2.73,144508.48,39488.985
002127.SZ,20240617,2.72,2.75,2.7,2.72,146882.58,39953.878
002127.SZ,20240614,2.71,2.75,2.7,2.74,208537.84,56922.452
002127.SZ,20240613,2.76,2.76,2.71,2.72,188228.0,51338.105
002127.SZ,20240612,2.79,2.82,2.76,2.77,223671.0,62177.236
002127.SZ,20240611,2.73,2.76,2.7,2.74,153291.0,41818.223
002127.SZ,20240607,2.7,2.76,2.7,2.75,201029.0,54929.536
002127.SZ,20240606,2.77,2.79,2.66,2.68,331747.0,89583.063
002127.SZ,20240605,2.82,2.83,2.76,2.76,159603.66,44584.293
002127.SZ,20240604,2.82,2.84,2.78,2.82,170390.0,47876.632
002127.SZ,20240603,2.92,2.93,2.81,2.83,332968.09,94785.423
002127.SZ,20240531,2.89,2.96,2.87,2.92,259348.95,75699.105
002127.SZ,20240530,2.87,2.9,2.85,2.87,270078.0,77650.353
002127.SZ,20240529,2.94,3.05,2.9,2.98,369606.03,110171.578
002127.SZ,20240528,3.06,3.08,2.94,2.96,644107.05,192775.644
002127.SZ,20240527,3.05,3.2,3.03,3.13,918783.99,286213.236
002127.SZ,20240524,2.98,3.01,2.95,2.95,197546.02,58716.618
002127.SZ,20240523,3.06,3.06,2.98,2.98,260203.0,78157.281
002127.SZ,20240522,3.06,3.1,3.05,3.07,162755.55,50047.27
002127.SZ,20240521,3.08,3.12,3.05,3.06,199256.0,61250.49
002127.SZ,20240520,3.1,3.13,3.06,3.07,236947.0,73323.959
002127.SZ,20240517,3.08,3.14,3.06,3.11,278266.94,86294.506
002127.SZ,20240516,3.05,3.11,3.05,3.1,254001.03,78458.399
002127.SZ,20240515,3.05,3.09,3.03,3.04,146385.0,44752.184
002127.SZ,20240514,3.03,3.09,3.02,3.07,209401.66,64114.732
002127.SZ,20240513,3.05,3.06,2.99,3.02,251892.29,76265.13
002127.SZ,20240510,3.09,3.11,3.04,3.06,246125.0,75489.994
002127.SZ,20240509,3.05,3.1,3.04,3.08,170174.51,52425.544
002127.SZ,20240508,3.1,3.11,3.03,3.04,210807.0,64475.456
002127.SZ,20240507,3.1,3.12,3.08,3.11,192189.49,59612.94
002127.SZ,20240506,3.11,3.15,3.1,3.11,250892.49,78343.517
002127.SZ,20240430,3.09,3.11,3.04,3.07,262477.54,80562.003
002127.SZ,20240429,3.02,3.09,3.01,3.09,331828.99,101715.357
002127.SZ,20240426,2.94,3.01,2.94,3.01,285812.02,85278.17
002127.SZ,20240425,2.91,2.94,2.88,2.91,179488.0,52283.583
002127.SZ,20240424,2.91,2.94,2.87,2.91,206118.0,59671.048
002127.SZ,20240423,2.9,2.94,2.89,2.91,222445.3,64864.96
002127.SZ,20240422,2.8,2.91,2.8,2.9,397496.42,114323.021
002127.SZ,20240419,2.83,2.9,2.79,2.81,333768.42,94370.671
002127.SZ,20240418,2.84,2.85,2.79,2.83,232836.8,65872.569
002127.SZ,20240417,2.76,2.86,2.76,2.84,240614.29,68076.498
002127.SZ,20240416,2.87,2.87,2.73,2.73,356039.44,98761.026
002127.SZ,20240415,2.96,2.98,2.8,2.87,372611.44,107217.775
002127.SZ,20240412,3.0,3.05,2.97,2.98,231380.0,69509.268
002127.SZ,20240411,2.98,3.13,2.96,3.03,317286.03,96791.175
002127.SZ,20240410,3.02,3.02,2.96,2.99,233916.94,69897.705
002127.SZ,20240409,2.99,3.03,2.97,3.02,191316.58,57476.772
002127.SZ,20240408,3.08,3.08,2.99,2.99,288622.95,87174.424
002127.SZ,20240403,3.06,3.2,3.05,3.1,449349.49,140556.182
002127.SZ,20240402,3.08,3.09,3.05,3.07,204892.85,62817.355
002127.SZ,20240401,3.0,3.08,3.0,3.08,210187.39,64230.847
002127.SZ,20240329,3.02,3.04,2.98,3.0,171518.0,51442.017
002127.SZ,20240328,2.96,3.06,2.94,3.02,280709.12,84474.485
002127.SZ,20240327,3.09,3.1,2.94,2.96,351825.3,106331.737
002127.SZ,20240326,3.08,3.12,3.02,3.06,392961.93,120573.551
002127.SZ,20240325,3.26,3.27,3.12,3.12,310073.71,98664.695
002127.SZ,20240322,3.27,3.29,3.18,3.25,332730.54,107664.865
002127.SZ,20240321,3.29,3.32,3.25,3.28,260762.52,85613.069
002127.SZ,20240320,3.2,3.29,3.2,3.28,302927.18,98602.676
002127.SZ,20240319,3.24,3.29,3.21,3.21,319805.07,103832.215
002127.SZ,20240318,3.2,3.24,3.17,3.24,274876.73,88131.967
002127.SZ,20240315,3.15,3.19,3.12,3.19,232096.0,73205.256
002127.SZ,20240314,3.21,3.22,3.13,3.16,254741.0,80846.404
002127.SZ,20240313,3.23,3.25,3.16,3.21,305814.56,97998.736
002127.SZ,20240312,3.19,3.26,3.18,3.22,266633.85,85760.292
002127.SZ,20240311,3.15,3.19,3.13,3.19,221924.61,70148.551
002127.SZ,20240308,3.12,3.16,3.09,3.15,228519.0,71278.222
002127.SZ,20240307,3.17,3.2,3.11,3.12,251431.0,79339.05
002127.SZ,20240306,3.17,3.21,3.11,3.16,241015.94,76122.057
002127.SZ,20240305,3.2,3.2,3.15,3.16,290776.0,92214.689
002127.SZ,20240304,3.29,3.3,3.18,3.22,318615.02,102537.127
002127.SZ,20240301,3.24,3.29,3.21,3.29,348190.03,113276.423
002127.SZ,20240229,3.13,3.27,3.11,3.25,453714.73,145833.006
002127.SZ,20240228,3.31,3.37,3.14,3.14,547882.89,179959.507
002127.SZ,20240227,3.21,3.32,3.21,3.32,342505.33,112349.31
002127.SZ,20240226,3.22,3.29,3.19,3.24,353926.38,114478.46
002127.SZ,20240223,3.17,3.26,3.12,3.25,479635.17,153078.856
002127.SZ,20240222,3.12,3.18,3.1,3.16,261322.55,82116.584
002127.SZ,20240221,3.08,3.22,3.06,3.13,393181.45,124177.794
002127.SZ,20240220,3.11,3.12,3.07,3.11,244617.57,75661.53
002127.SZ,20240219,3.17,3.22,3.09,3.13,330636.03,104074.358
002127.SZ,20240208,3.02,3.2,3.01,3.15,418697.15,131605.261
002127.SZ,20240207,2.87,3.07,2.85,3.02,472216.93,141540.291
002127.SZ,20240206,2.64,2.93,2.59,2.87,386807.94,107136.105
002127.SZ,20240205,2.85,2.87,2.61,2.67,420458.21,115000.588
002127.SZ,20240202,3.02,3.07,2.77,2.88,420384.37,122660.366
002127.SZ,20240201,3.0,3.1,2.96,3.0,265880.33,80350.75
002127.SZ,20240131,3.1,3.18,3.05,3.05,320850.06,99656.6
002127.SZ,20240130,3.19,3.23,3.11,3.11,193291.0,61163.618
002127.SZ,20240129,3.33,3.35,3.21,3.21,286064.26,93337.169
002127.SZ,20240126,3.29,3.4,3.27,3.32,418185.24,138736.427
002127.SZ,20240125,3.19,3.42,3.15,3.34,586079.41,192128.586
002127.SZ,20240124,3.15,3.22,3.08,3.19,318965.75,100648.871
002127.SZ,20240123,3.08,3.13,3.02,3.12,247135.3,76481.896
002127.SZ,20240122,3.29,3.3,3.06,3.1,348837.53,110886.555
002127.SZ,20240119,3.27,3.34,3.26,3.27,253308.11,83401.857
002127.SZ,20240118,3.23,3.3,3.18,3.29,412549.0,133328.165
002127.SZ,20240117,3.37,3.38,3.26,3.26,324223.93,107666.386
002127.SZ,20240116,3.46,3.48,3.33,3.39,475687.61,161065.899
002127.SZ,20240115,3.53,3.57,3.47,3.48,356956.48,125358.526
002127.SZ,20240112,3.57,3.61,3.54,3.54,333946.68,119087.117
002127.SZ,20240111,3.54,3.65,3.54,3.6,400898.99,144270.275
002127.SZ,20240110,3.55,3.63,3.45,3.58,447815.53,158405.562
002127.SZ,20240109,3.65,3.69,3.53,3.58,532095.47,192130.358
002127.SZ,20240108,3.77,3.79,3.64,3.65,657062.48,243187.629
002127.SZ,20240105,4.0,4.04,3.81,3.83,648790.83,254054.08
002127.SZ,20240104,3.99,4.05,3.94,4.02,732560.02,292509.567
002127.SZ,20240103,3.9,4.08,3.83,4.05,1280786.59,506511.104
002127.SZ,20240102,3.88,3.99,3.85,3.94,717459.7,281141.072
002127.SZ,20231229,3.92,4.07,3.87,3.89,964396.62,379812.246
002127.SZ,20231228,3.88,4.04,3.83,3.96,1068846.54,422925.931
002127.SZ,20231227,3.93,3.95,3.76,3.91,1063241.09,410781.501
002127.SZ,20231226,4.08,4.1,3.89,3.95,1382633.61,547921.183
002127.SZ,20231225,3.97,4.25,3.96,4.17,1522293.41,626570.545
002127.SZ,20231222,4.13,4.37,4.0,4.04,2581916.94,1081882.236
002127.SZ,20231221,3.7,4.09,3.65,4.09,1435098.84,563832.072
002127.SZ,20231220,3.79,3.87,3.7,3.72,852592.05,321564.147
002127.SZ,20231219,3.86,3.96,3.78,3.8,1063401.31,410298.323
002127.SZ,20231218,3.8,4.09,3.67,3.98,1770369.14,674396.897
002127.SZ,20231215,3.54,3.89,3.51,3.89,966907.2,362443.664
002127.SZ,20231214,3.53,3.62,3.52,3.54,278573.29,99577.132
002127.SZ,20231213,3.57,3.6,3.5,3.51,192393.05,68236.948
002127.SZ,20231212,3.57,3.61,3.54,3.58,215459.63,77190.783
002127.SZ,20231211,3.55,3.57,3.44,3.57,338308.99,118622.248
002127.SZ,20231208,3.61,3.65,3.52,3.6,430897.0,153629.083
002127.SZ,20231207,3.6,3.66,3.57,3.65,280369.3,101538.258
002127.SZ,20231206,3.54,3.63,3.48,3.61,308140.35,109843.001
002127.SZ,20231205,3.66,3.67,3.53,3.54,369119.73,132659.413
002127.SZ,20231204,3.65,3.7,3.61,3.69,346600.0,126683.078
002127.SZ,20231201,3.55,3.71,3.54,3.67,608960.39,222510.815
002127.SZ,20231130,3.57,3.63,3.53,3.55,186659.0,66726.707
002127.SZ,20231129,3.55,3.64,3.55,3.57,215967.0,77522.55
002127.SZ,20231128,3.55,3.58,3.51,3.55,149290.86,52903.887
002127.SZ,20231127,3.58,3.59,3.54,3.55,166795.0,59325.173
002127.SZ,20231124,3.62,3.65,3.58,3.58,177027.0,63971.649
002127.SZ,20231123,3.59,3.65,3.59,3.63,212846.0,77279.442
002127.SZ,20231122,3.62,3.65,3.61,3.61,188209.0,68212.726
002127.SZ,20231121,3.6,3.65,3.59,3.62,186800.1,67636.318
002127.SZ,20231120,3.57,3.61,3.51,3.61,186965.26,66745.782
002127.SZ,20231117,3.5,3.6,3.5,3.57,207467.01,73712.783
002127.SZ,20231116,3.48,3.52,3.47,3.5,141388.03,49493.316
002127.SZ,20231115,3.54,3.55,3.49,3.5,178201.03,62593.041
002127.SZ,20231114,3.52,3.56,3.5,3.51,134749.0,47445.014
002127.SZ,20231113,3.53,3.58,3.51,3.53,157526.97,55783.392
002127.SZ,20231110,3.53,3.54,3.49,3.5,152720.0,53572.44
002127.SZ,20231109,3.62,3.63,3.52,3.53,237676.97,84482.793
002127.SZ,20231108,3.57,3.66,3.56,3.63,302001.77,109470.565
002127.SZ,20231107,3.57,3.62,3.54,3.59,243863.4,87322.145
002127.SZ,20231106,3.47,3.59,3.46,3.59,318448.01,112760.411
002127.SZ,20231103,3.46,3.48,3.42,3.45,166144.0,57366.309
002127.SZ,20231102,3.47,3.5,3.45,3.46,195771.97,68009.852
002127.SZ,20231101,3.4,3.49,3.39,3.48,289292.02,99797.857
002127.SZ,20231031,3.4,3.42,3.36,3.41,191063.93,64773.473
002127.SZ,20231030,3.36,3.41,3.35,3.4,159098.56,53884.307
002127.SZ,20231027,3.31,3.38,3.29,3.37,192157.3,64447.377
002127.SZ,20231026,3.32,3.33,3.28,3.32,131903.05,43595.268
002127.SZ,20231025,3.31,3.35,3.3,3.34,183527.0,61125.724
002127.SZ,20231024,3.21,3.32,3.2,3.31,247355.0,81068.038
002127.SZ,20231023,3.27,3.29,3.17,3.18,163007.79,52402.476
002127.SZ,20231020,3.24,3.29,3.23,3.28,153589.83,50171.495
002127.SZ,20231019,3.27,3.32,3.24,3.25,182561.0,59790.177
002127.SZ,20231018,3.4,3.41,3.29,3.3,269221.33,89567.467
002127.SZ,20231017,3.41,3.45,3.39,3.43,140199.28,47976.991
002127.SZ,20231016,3.45,3.45,3.38,3.4,149952.0,51248.016
002127.SZ,20231013,3.54,3.54,3.44,3.45,202716.0,70561.879
002127.SZ,20231012,3.53,3.56,3.5,3.55,126120.28,44544.458
002127.SZ,20231011,3.53,3.54,3.5,3.51,127773.06,44970.486
002127.SZ,20231010,3.5,3.53,3.49,3.5,97860.0,34332.722
002127.SZ,20231009,3.56,3.57,3.49,3.5,172561.66,60723.2
002127.SZ,20230928,3.58,3.59,3.55,3.57,121723.88,43435.528
002127.SZ,20230927,3.52,3.6,3.49,3.57,175227.97,62407.59
002127.SZ,20230926,3.53,3.55,3.5,3.51,76027.0,26813.292
002127.SZ,20230925,3.54,3.58,3.53,3.54,112916.4,40090.408
002127.SZ,20230922,3.49,3.55,3.46,3.54,134622.45,47340.522
002127.SZ,20230921,3.53,3.56,3.49,3.49,142309.9,50058.534
002127.SZ,20230920,3.55,3.57,3.54,3.54,103706.0,36852.012
002127.SZ,20230919,3.65,3.65,3.55,3.57,170127.5,60992.959
002127.SZ,20230918,3.55,3.64,3.52,3.64,234545.0,84508.15
002127.SZ,20230915,3.55,3.59,3.53,3.55,147530.66,52548.118
002127.SZ,20230914,3.56,3.57,3.53,3.54,106332.0,37678.34
002127.SZ,20230913,3.62,3.63,3.54,3.56,168868.0,60317.793
002127.SZ,20230912,3.62,3.65,3.61,3.62,95279.82,34539.159
002127.SZ,20230911,3.63,3.65,3.6,3.64,124185.0,45064.888
002127.SZ,20230908,3.59,3.62,3.58,3.61,95898.0,34528.511
002127.SZ,20230907,3.65,3.67,3.59,3.59,145161.44,52594.65
002127.SZ,20230906,3.66,3.68,3.63,3.67,88501.67,32355.172
002127.SZ,20230905,3.7,3.71,3.65,3.66,113253.0,41586.03
002127.SZ,20230904,3.64,3.72,3.63,3.71,191924.28,70703.748
002127.SZ,20230901,3.63,3.66,3.62,3.64,95695.0,34791.707
002127.SZ,20230831,3.68,3.68,3.61,3.62,132993.57,48300.279
002127.SZ,20230830,3.68,3.7,3.64,3.67,177265.82,65039.077
002127.SZ,20230829,3.58,3.68,3.58,3.67,170574.84,62227.026
002127.SZ,20230828,3.72,3.76,3.59,3.6,296257.0,108452.384
002127.SZ,20230825,3.6,3.64,3.53,3.55,180540.66,64565.195
002127.SZ,20230824,3.6,3.66,3.58,3.61,148424.43,53701.317
002127.SZ,20230823,3.67,3.69,3.59,3.59,170344.0,61913.405
002127.SZ,20230822,3.72,3.74,3.65,3.69,225538.83,83145.931
002127.SZ,20230821,3.72,3.75,3.7,3.71,112946.5,42081.213
002127.SZ,20230818,3.78,3.83,3.7,3.72,180031.63,67621.704
002127.SZ,20230817,3.76,3.81,3.74,3.79,137394.0,51853.878
002127.SZ,20230816,3.78,3.84,3.76,3.78,121970.0,46258.82
002127.SZ,20230815,3.82,3.88,3.78,3.81,208482.13,79624.845
002127.SZ,20230814,3.8,3.83,3.76,3.82,138931.26,52777.71
002127.SZ,20230811,3.9,3.91,3.81,3.82,176176.0,67885.721
002127.SZ,20230810,3.9,3.93,3.88,3.9,128739.0,50177.947
002127.SZ,20230809,3.94,3.96,3.88,3.9,151150.0,59201.013
002127.SZ,20230808,3.98,3.98,3.93,3.95,144893.03,57339.601
002127.SZ,20230807,3.97,4.0,3.96,3.98,133633.0,53137.845
002127.SZ,20230804,4.01,4.05,3.99,4.0,215041.82,86473.596
002127.SZ,20230803,3.99,4.01,3.96,4.0,182013.79,72491.211
002127.SZ,20230802,3.98,4.08,3.95,4.02,309189.97,124127.558
002127.SZ,20230801,4.01,4.03,3.97,3.99,202677.63,80890.966
002127.SZ,20230731,3.94,4.04,3.93,4.03,369283.63,147137.09
002127.SZ,20230728,3.86,3.96,3.84,3.94,292248.74,114023.421
002127.SZ,20230727,3.91,3.93,3.85,3.87,222133.04,86401.818
002127.SZ,20230726,3.88,3.92,3.85,3.91,221616.3,86286.972
002127.SZ,20230725,3.88,3.93,3.87,3.89,222456.05,86581.864
002127.SZ,20230724,3.92,3.92,3.84,3.85,252566.09,97742.191
002127.SZ,20230721,3.95,3.97,3.87,3.93,455422.14,178563.315
002127.SZ,20230720,3.85,4.17,3.85,3.99,937868.56,375503.862
002127.SZ,20230719,3.74,3.82,3.74,3.81,157369.6,59549.269
002127.SZ,20230718,3.75,3.76,3.72,3.75,98709.33,36879.419
002127.SZ,20230717,3.74,3.76,3.72,3.73,112316.24,41919.97
002127.SZ,20230714,3.83,3.83,3.77,3.77,150054.0,56929.001
002127.SZ,20230713,3.73,3.85,3.72,3.82,303299.4,115295.947
002127.SZ,20230712,3.76,3.78,3.69,3.7,165149.0,61706.151
002127.SZ,20230711,3.77,3.78,3.74,3.77,110308.37,41531.993
002127.SZ,20230710,3.77,3.8,3.76,3.78,99451.71,37607.831
002127.SZ,20230707,3.75,3.79,3.72,3.77,129818.87,48768.042
002127.SZ,20230706,3.78,3.81,3.75,3.76,143456.11,54174.631
002127.SZ,20230705,3.84,3.85,3.77,3.78,217024.0,82510.467
002127.SZ,20230704,3.84,3.85,3.81,3.85,113718.38,43557.887
002127.SZ,20230703,3.83,3.86,3.78,3.83,167168.7,63765.768
002127.SZ,20230630,3.69,3.84,3.68,3.83,253777.5,96013.48
002127.SZ,20230629,3.7,3.74,3.69,3.7,112911.1,41937.434
002127.SZ,20230628,3.77,3.78,3.66,3.71,178819.05,66258.777
002127.SZ,20230627,3.65,3.81,3.64,3.78,244260.1,91885.424
002127.SZ,20230626,3.73,3.76,3.65,3.67,251676.07,93047.941
002127.SZ,20230621,3.88,3.89,3.76,3.77,348513.58,132904.202
002127.SZ,20230620,3.98,3.98,3.9,3.9,265438.86,104157.539
002127.SZ,20230619,4.07,4.08,3.98,3.98,266723.12,107075.13
002127.SZ,20230616,4.11,4.15,4.07,4.08,219362.06,89936.371
002127.SZ,20230615,4.1,4.12,4.06,4.12,168129.89,68985.811
002127.SZ,20230614,4.13,4.15,4.1,4.11,148004.72,60991.421
002127.SZ,20230613,4.09,4.13,4.07,4.12,199217.12,81780.116
002127.SZ,20230612,4.01,4.12,3.98,4.09,286461.61,116332.281
002127.SZ,20230609,4.06,4.08,4.0,4.02,380128.41,153863.684
002127.SZ,20230608,4.11,4.12,4.03,4.06,208404.92,84766.143
002127.SZ,20230607,4.08,4.15,4.05,4.12,196057.79,80740.438
002127.SZ,20230606,4.14,4.15,4.05,4.06,199073.59,81656.253
002127.SZ,20230605,4.13,4.15,4.09,4.14,157908.27,65004.71
002127.SZ,20230602,4.1,4.17,4.09,4.14,243695.49,100890.128
002127.SZ,20230601,3.99,4.1,3.97,4.08,249814.49,101596.308
002127.SZ,20230531,3.99,4.04,3.98,3.99,147212.32,58938.991
002127.SZ,20230530,3.98,4.02,3.89,4.01,309246.96,122113.83
002127.SZ,20230529,4.08,4.1,3.99,4.0,260177.18,104738.97
002127.SZ,20230526,4.08,4.1,4.03,4.08,154913.47,62943.141
002127.SZ,20230525,4.14,4.16,4.05,4.09,249359.72,102049.254
002127.SZ,20230524,4.16,4.19,4.13,4.16,157614.05,65631.837
002127.SZ,20230523,4.18,4.23,4.13,4.19,225612.24,94470.066
002127.SZ,20230522,4.19,4.2,4.15,4.17,180189.44,75061.309
002127.SZ,20230519,4.2,4.22,4.16,4.19,185666.17,77636.849
002127.SZ,20230518,4.23,4.27,4.19,4.23,218679.78,92403.273
002127.SZ,20230517,4.2,4.3,4.15,4.24,269023.05,114309.689
002127.SZ,20230516,4.34,4.34,4.21,4.22,366069.15,155806.479
002127.SZ,20230515,4.41,4.44,4.27,4.35,336054.3,145899.149
002127.SZ,20230512,4.47,4.58,4.42,4.42,297474.73,133529.833
002127.SZ,20230511,4.37,4.5,4.36,4.47,426240.82,189909.34
002127.SZ,20230510,4.36,4.41,4.33,4.37,283418.47,123530.446
002127.SZ,20230509,4.4,4.51,4.34,4.36,419139.44,185346.343
002127.SZ,20230508,4.4,4.41,4.34,4.4,207337.08,90908.786
002127.SZ,20230505,4.42,4.43,4.36,4.4,225623.33,99053.816
002127.SZ,20230504,4.4,4.47,4.37,4.43,261241.4,115232.605
002127.SZ,20230428,4.33,4.46,4.3,4.4,566207.02,249500.289
002127.SZ,20230427,4.33,4.36,4.24,4.26,355350.92,152404.339
002127.SZ,20230426,4.37,4.43,4.27,4.34,507793.45,221807.262
002127.SZ,20230425,4.6,4.68,4.38,4.4,831227.94,371410.65
002127.SZ,20230424,4.66,4.69,4.53,4.59,541409.15,248317.925
002127.SZ,20230421,5.0,5.0,4.58,4.58,1210654.4,569504.194
002127.SZ,20230420,5.0,5.02,4.93,5.01,307887.0,153234.439
002127.SZ,20230419,4.97,5.15,4.94,5.02,652537.77,329659.524
002127.SZ,20230418,5.02,5.03,4.93,4.98,323070.32,160626.063
002127.SZ,20230417,5.14,5.14,5.01,5.02,439917.09,221788.879
002127.SZ,20230414,5.18,5.22,5.04,5.12,581478.31,298034.631
002127.SZ,20230413,5.09,5.28,5.06,5.18,948862.8,492498.254
002127.SZ,20230412,4.98,5.1,4.95,5.07,454062.35,229079.682
002127.SZ,20230411,4.85,5.06,4.82,4.95,474524.25,235057.165
002127.SZ,20230410,4.98,4.99,4.85,4.86,342202.26,167868.878
002127.SZ,20230407,4.95,4.98,4.88,4.96,231469.0,114359.429
002127.SZ,20230406,5.02,5.03,4.9,4.92,310235.1,153307.032
002127.SZ,20230404,5.08,5.1,5.0,5.04,283673.23,142993.313
002127.SZ,20230403,5.06,5.09,5.01,5.08,353977.6,179395.589
002127.SZ,20230331,4.94,5.07,4.89,5.07,392611.58,196031.931
002127.SZ,20230330,5.01,5.02,4.88,4.92,394937.58,194939.641
002127.SZ,20230329,5.04,5.09,5.0,5.01,338801.51,170810.769
002127.SZ,20230328,5.13,5.15,5.02,5.04,448127.15,227318.456
002127.SZ,20230327,5.11,5.16,5.02,5.14,669298.4,342038.18
002127.SZ,20230324,5.06,5.18,5.04,5.11,812260.47,414290.264
002127.SZ,20230323,5.03,5.1,4.98,5.06,874843.23,440899.197
002127.SZ,20230322,5.27,5.27,4.99,5.1,1711611.17,872372.932
002127.SZ,20230321,4.7,5.1,4.68,4.97,1321099.71,650640.628
002127.SZ,20230320,4.71,4.76,4.67,4.69,211704.92,99714.676
002127.SZ,20230317,4.63,4.76,4.62,4.72,368740.04,173528.75
002127.SZ,20230316,4.6,4.64,4.57,4.59,147643.0,67915.065
002127.SZ,20230315,4.6,4.63,4.59,4.61,114503.68,52751.962
002127.SZ,20230314,4.61,4.65,4.55,4.57,173483.79,79788.484
002127.SZ,20230313,4.6,4.63,4.57,4.62,156176.64,71889.865
002127.SZ,20230310,4.63,4.64,4.59,4.6,172259.02,79387.126
002127.SZ,20230309,4.68,4.68,4.62,4.65,151785.46,70510.301
002127.SZ,20230308,4.65,4.68,4.65,4.67,167976.8,78357.113
002127.SZ,20230307,4.75,4.75,4.65,4.65,296062.0,139271.822
002127.SZ,20230306,4.75,4.77,4.73,4.75,211994.74,100704.175
002127.SZ,20230303,4.76,4.79,4.71,4.75,199992.3,94980.874
002127.SZ,20230302,4.76,4.79,4.74,4.77,192991.58,91888.49
002127.SZ,20230301,4.74,4.78,4.72,4.77,251003.36,119348.584
002127.SZ,20230228,4.73,4.76,4.7,4.74,199830.63,94527.453
002127.SZ,20230227,4.78,4.79,4.71,4.71,263781.59,125065.933
002127.SZ,20230224,4.79,4.82,4.75,4.8,208234.77,99673.673
002127.SZ,20230223,4.83,4.84,4.77,4.79,286103.58,137293.415
002127.SZ,20230222,4.89,4.89,4.8,4.82,452394.39,218413.235
002127.SZ,20230221,4.94,4.98,4.89,4.92,329648.77,162506.828
002127.SZ,20230220,4.9,4.99,4.86,4.95,371724.07,182885.894
002127.SZ,20230217,4.96,5.04,4.88,4.9,490670.0,242970.564
002127.SZ,20230216,4.97,5.13,4.91,4.95,925535.0,467449.812
002127.SZ,20230215,4.97,5.01,4.91,4.98,388835.21,192665.044
002127.SZ,20230214,4.99,5.01,4.92,4.95,355799.21,176324.408
002127.SZ,20230213,4.95,5.04,4.93,4.98,488192.24,243303.153
002127.SZ,20230210,4.91,5.0,4.89,4.95,466967.27,231501.634
002127.SZ,20230209,4.87,4.91,4.85,4.91,264936.67,129389.822
002127.SZ,20230208,4.98,5.02,4.86,4.87,469229.55,230945.176
002127.SZ,20230207,4.85,5.01,4.85,4.99,797090.32,394087.178
002127.SZ,20230206,4.87,4.89,4.81,4.84,257833.15,124925.811
002127.SZ,20230203,4.93,4.96,4.85,4.89,459099.77,224892.16
002127.SZ,20230202,4.86,5.01,4.82,4.88,783815.12,384450.605
002127.SZ,20230201,4.68,4.83,4.66,4.81,491180.5,233317.839
002127.SZ,20230131,4.7,4.72,4.6,4.68,632211.28,294621.642
002127.SZ,20230130,4.82,4.89,4.78,4.85,458834.46,221569.923
002127.SZ,20230120,4.77,4.77,4.71,4.74,233624.92,110740.742
002127.SZ,20230119,4.72,4.76,4.71,4.74,176629.81,83622.181
002127.SZ,20230118,4.75,4.8,4.73,4.74,178135.39,84751.431
002127.SZ,20230117,4.84,4.86,4.76,4.76,186205.01,89202.578
002127.SZ,20230116,4.78,4.89,4.74,4.85,322290.26,155827.9
002127.SZ,20230113,4.68,4.79,4.65,4.76,260945.87,123664.317
002127.SZ,20230112,4.69,4.74,4.65,4.67,204586.53,95899.253
002127.SZ,20230111,4.79,4.79,4.68,4.69,226271.57,106901.207
002127.SZ,20230110,4.81,4.83,4.75,4.78,188240.11,90016.595
002127.SZ,20230109,4.82,4.85,4.8,4.82,174559.09,84271.707
002127.SZ,20230106,4.9,4.91,4.8,4.81,311133.0,150375.008
002127.SZ,20230105,4.91,5.03,4.89,4.91,406747.66,201294.885
002127.SZ,20230104,4.85,4.94,4.84,4.91,372318.4,182277.712
002127.SZ,20230103,4.81,4.92,4.78,4.88,471048.04,229630.055
002127.SZ,20221230,4.6,4.84,4.59,4.81,561858.28,268245.871
002127.SZ,20221229,4.68,4.69,4.58,4.6,233682.37,107953.999
002127.SZ,20221228,4.7,4.74,4.63,4.67,261456.77,122283.414
002127.SZ,20221227,4.79,4.79,4.66,4.71,316425.0,148901.309
002127.SZ,20221226,4.8,4.86,4.74,4.77,275343.62,131941.257
002127.SZ,20221223,4.77,4.87,4.71,4.81,228448.38,109502.52
002127.SZ,20221222,4.83,4.91,4.78,4.79,293372.49,142007.168
002127.SZ,20221221,4.82,4.88,4.78,4.8,262746.0,126918.434
002127.SZ,20221220,4.83,4.9,4.72,4.82,307122.38,147698.989
002127.SZ,20221219,4.94,5.02,4.83,4.86,331464.0,162981.556
002127.SZ,20221216,4.93,5.0,4.9,4.92,267284.16,131853.825
002127.SZ,20221215,5.05,5.1,4.95,4.97,412548.34,206789.248
002127.SZ,20221214,4.91,5.1,4.88,5.06,659995.75,332257.653
002127.SZ,20221213,4.86,5.02,4.85,4.94,539283.67,266804.806
002127.SZ,20221212,4.95,4.97,4.85,4.89,487489.37,238874.282
002127.SZ,20221209,5.08,5.1,4.94,5.01,909500.7,455339.081
002127.SZ,20221208,4.88,5.26,4.88,5.16,1308189.57,665588.267
002127.SZ,20221207,4.81,5.01,4.81,4.91,721076.99,355561.21
002127.SZ,20221206,4.78,4.95,4.76,4.82,416700.01,202310.251
002127.SZ,20221205,4.8,4.82,4.74,4.78,259688.64,123946.774
002127.SZ,20221202,4.72,4.77,4.69,4.75,192443.3,91229.918
002127.SZ,20221201,4.76,4.79,4.69,4.71,225932.98,107073.177
002127.SZ,20221130,4.77,4.77,4.68,4.69,205083.35,96781.718
002127.SZ,20221129,4.56,4.74,4.55,4.74,376033.07,176137.131
002127.SZ,20221128,4.55,4.6,4.46,4.57,304805.15,138206.655
002127.SZ,20221125,4.64,4.84,4.59,4.6,528525.52,247370.484
002127.SZ,20221124,4.61,4.66,4.55,4.56,168935.08,77524.428
002127.SZ,20221123,4.64,4.66,4.55,4.6,160584.15,73770.211
002127.SZ,20221122,4.7,4.72,4.61,4.64,195306.48,91093.122
002127.SZ,20221121,4.76,4.77,4.67,4.69,208696.21,98101.524
002127.SZ,20221118,4.82,4.9,4.79,4.8,266410.81,129307.519
002127.SZ,20221117,4.81,4.86,4.77,4.82,202892.09,97511.481
002127.SZ,20221116,4.75,4.87,4.75,4.81,263848.79,127133.173
002127.SZ,20221115,4.7,4.79,4.7,4.76,221659.42,105421.967
002127.SZ,20221114,4.74,4.76,4.69,4.7,172268.91,81325.993
002127.SZ,20221111,4.82,4.86,4.71,4.72,330867.0,157876.808
002127.SZ,20221110,4.64,4.78,4.63,4.76,301351.92,142854.575
002127.SZ,20221109,4.68,4.73,4.66,4.67,137995.67,64714.733
002127.SZ,20221108,4.73,4.73,4.66,4.7,135280.79,63411.514
002127.SZ,20221107,4.68,4.74,4.65,4.73,260061.53,122232.643
002127.SZ,20221104,4.63,4.7,4.62,4.68,284989.22,133201.917
002127.SZ,20221103,4.61,4.65,4.56,4.65,201810.96,93036.777
002127.SZ,20221102,4.65,4.73,4.62,4.63,254856.93,118875.137
002127.SZ,20221101,4.5,4.66,4.47,4.66,296708.95,135838.081
002127.SZ,20221031,4.39,4.51,4.37,4.46,213331.98,94768.777
002127.SZ,20221028,4.57,4.59,4.39,4.4,266533.62,119718.286
002127.SZ,20221027,4.54,4.67,4.52,4.61,287529.01,132212.306
002127.SZ,20221026,4.39,4.57,4.38,4.51,287844.68,129549.12
002127.SZ,20221025,4.42,4.47,4.34,4.37,205393.55,90173.43
002127.SZ,20221024,4.61,4.64,4.41,4.44,246635.0,111399.784
002127.SZ,20221021,4.63,4.71,4.56,4.56,297684.16,137565.18
002127.SZ,20221020,4.66,4.9,4.65,4.68,497644.85,237393.107
002127.SZ,20221019,4.66,4.76,4.65,4.68,232521.76,109411.369
002127.SZ,20221018,4.67,4.79,4.62,4.67,289631.62,135993.385
002127.SZ,20221017,4.6,4.7,4.57,4.67,232229.02,108234.906
002127.SZ,20221014,4.45,4.66,4.45,4.6,315666.45,144981.605
002127.SZ,20221013,4.41,4.48,4.39,4.45,182417.45,80992.61
002127.SZ,20221012,4.3,4.43,4.23,4.42,189457.0,82185.712
002127.SZ,20221011,4.27,4.32,4.22,4.3,138468.59,59203.059
002127.SZ,20221010,4.45,4.48,4.25,4.27,231131.85,100466.74
002127.SZ,20220930,4.46,4.51,4.42,4.45,149853.34,66900.602
002127.SZ,20220929,4.57,4.64,4.44,4.46,223318.77,101597.804
002127.SZ,20220928,4.57,4.62,4.51,4.52,179103.05,81719.524
002127.SZ,20220927,4.4,4.59,4.4,4.57,236684.73,106592.835
002127.SZ,20220926,4.52,4.52,4.41,4.41,176258.97,78536.748
002127.SZ,20220923,4.62,4.63,4.5,4.53,171940.54,78366.243
002127.SZ,20220922,4.7,4.75,4.6,4.61,206253.32,96294.861
002127.SZ,20220921,4.56,4.78,4.49,4.73,302144.66,141055.789
002127.SZ,20220920,4.52,4.59,4.51,4.57,156547.26,71234.235
002127.SZ,20220919,4.59,4.6,4.45,4.49,195213.54,87869.152
002127.SZ,20220916,4.76,4.77,4.59,4.59,268398.04,125259.605
002127.SZ,20220915,4.79,4.91,4.7,4.74,284615.95,136621.752
002127.SZ,20220914,4.69,4.79,4.66,4.77,199759.75,94479.18
002127.SZ,20220913,4.75,4.83,4.73,4.76,199157.37,95322.851
002127.SZ,20220909,4.66,4.75,4.64,4.74,159755.6,75231.395
002127.SZ,20220908,4.73,4.74,4.66,4.67,155968.44,73225.271
002127.SZ,20220907,4.79,4.8,4.7,4.71,218227.66,103270.394
002127.SZ,20220906,4.8,4.82,4.77,4.81,136942.19,65707.08
002127.SZ,20220905,4.8,4.83,4.74,4.8,139353.19,66483.804
002127.SZ,20220902,4.75,4.86,4.75,4.82,144975.96,69865.902
002127.SZ,20220901,4.87,4.88,4.76,4.77,155380.62,74672.24
002127.SZ,20220831,4.88,4.91,4.81,4.83,210449.06,102030.112
002127.SZ,20220830,4.74,4.98,4.74,4.89,398281.71,194236.24
002127.SZ,20220829,4.64,4.76,4.61,4.74,187083.06,87820.881
002127.SZ,20220826,4.83,4.87,4.7,4.71,397557.93,189650.771
002127.SZ,20220825,4.88,4.9,4.77,4.9,202550.04,98046.506
002127.SZ,20220824,4.93,4.98,4.83,4.85,220730.9,107980.566
002127.SZ,20220823,4.96,5.0,4.91,4.94,184291.88,90963.726
002127.SZ,20220822,4.93,5.03,4.85,5.0,239421.0,119187.491
002127.SZ,20220819,4.93,5.18,4.92,4.95,493471.0,249170.789
002127.SZ,20220818,4.96,4.97,4.91,4.91,147630.09,72678.463
002127.SZ,20220817,4.96,4.99,4.91,4.98,147333.21,73041.752
002127.SZ,20220816,4.93,4.96,4.92,4.95,117432.74,58011.376
002127.SZ,20220815,5.0,5.01,4.92,4.93,147621.19,72939.48
002127.SZ,20220812,4.94,5.01,4.89,4.97,205748.21,102122.311
002127.SZ,20220811,4.82,4.96,4.82,4.93,282057.79,138386.444
002127.SZ,20220810,4.81,4.85,4.78,4.8,139970.31,67231.788
002127.SZ,20220809,4.84,4.86,4.78,4.83,174558.81,84041.946
002127.SZ,20220808,4.88,4.88,4.81,4.84,187457.8,90620.812
002127.SZ,20220805,4.77,4.87,4.74,4.86,254684.28,122481.234
002127.SZ,20220804,4.65,4.77,4.65,4.75,267165.91,125957.219
002127.SZ,20220803,4.74,4.82,4.61,4.62,327727.2,154554.041
002127.SZ,20220802,4.93,4.94,4.65,4.72,488979.31,231870.358
002127.SZ,20220801,4.98,5.02,4.93,4.98,168469.88,83767.727
002127.SZ,20220729,5.09,5.13,4.98,5.0,249325.83,125559.137
002127.SZ,20220728,5.06,5.16,5.04,5.08,269455.19,137633.657
002127.SZ,20220727,5.01,5.05,4.99,5.04,155435.52,78042.767
002127.SZ,20220726,4.98,5.06,4.95,5.04,211078.5,105452.396
002127.SZ,20220725,5.01,5.1,4.96,4.97,189197.68,94713.437
002127.SZ,20220722,5.14,5.15,4.99,5.06,305957.49,154778.445
002127.SZ,20220721,5.08,5.24,5.07,5.14,367908.97,189481.996
002127.SZ,20220720,5.08,5.12,5.06,5.09,178155.54,90654.069
002127.SZ,20220719,5.05,5.08,5.01,5.07,224859.0,113456.651
002127.SZ,20220718,4.88,5.04,4.83,5.04,307831.74,152594.634
002127.SZ,20220715,5.0,5.03,4.84,4.84,354380.91,174271.456
002127.SZ,20220714,5.05,5.06,4.99,4.99,199339.15,100023.076
002127.SZ,20220713,5.01,5.07,5.0,5.05,197716.16,99546.917
002127.SZ,20220712,5.01,5.08,4.97,5.01,229773.74,115392.924
002127.SZ,20220711,5.12,5.12,5.01,5.04,237840.06,120074.254
002127.SZ,20220708,5.09,5.19,5.08,5.09,229143.47,117494.135
002127.SZ,20220707,5.14,5.16,5.07,5.08,316189.17,161756.721
002127.SZ,20220706,5.24,5.26,5.12,5.14,362135.38,187388.391
002127.SZ,20220705,5.33,5.46,5.22,5.29,443610.72,237030.309
002127.SZ,20220704,5.25,5.36,5.1,5.33,478237.14,250580.417
002127.SZ,20220701,5.34,5.36,5.25,5.25,346162.53,182740.796
002127.SZ,20220630,5.32,5.4,5.32,5.34,335799.43,180045.911
002127.SZ,20220629,5.4,5.49,5.31,5.32,506908.19,274052.149
002127.SZ,20220628,5.32,5.48,5.25,5.42,546889.46,293704.86
002127.SZ,20220627,5.36,5.44,5.31,5.33,467923.97,251257.522
002127.SZ,20220624,5.41,5.42,5.32,5.33,398885.08,213831.772
002127.SZ,20220623,5.29,5.4,5.26,5.39,368176.19,196244.204
002127.SZ,20220622,5.43,5.47,5.28,5.28,543568.43,291224.442
002127.SZ,20220621,5.5,5.55,5.37,5.46,516227.32,282607.882
002127.SZ,20220620,5.52,5.57,5.42,5.46,619405.05,338896.822
002127.SZ,20220617,5.63,5.67,5.46,5.53,878084.02,487548.271
002127.SZ,20220616,5.61,5.83,5.6,5.71,822130.93,471943.168
002127.SZ,20220615,5.67,5.78,5.61,5.61,713921.95,406023.502
002127.SZ,20220614,5.61,5.7,5.5,5.68,723236.67,403739.668
002127.SZ,20220613,5.8,5.92,5.64,5.72,856790.02,493085.327
002127.SZ,20220610,5.82,5.96,5.78,5.86,924755.38,542441.02
002127.SZ,20220609,5.88,6.14,5.72,5.92,1500523.88,884149.632
002127.SZ,20220608,5.6,6.15,5.56,5.88,1775785.41,1037333.482
002127.SZ,20220607,5.67,5.75,5.55,5.62,877673.3,493231.461
002127.SZ,20220606,5.39,5.82,5.36,5.66,1226516.59,688632.174
002127.SZ,20220602,5.47,5.47,5.31,5.41,756034.89,407112.248
002127.SZ,20220601,5.4,5.6,5.36,5.57,1105379.03,608411.155
002127.SZ,20220531,5.31,5.39,5.18,5.38,742774.63,392505.794
002127.SZ,20220530,5.32,5.43,5.28,5.35,591075.41,315637.438
002127.SZ,20220527,5.58,5.69,5.26,5.34,963192.16,521065.891
002127.SZ,20220526,5.3,5.42,5.18,5.4,798534.27,424433.372
002127.SZ,20220525,5.37,5.39,5.26,5.34,693731.8,368329.115
002127.SZ,20220524,5.66,5.72,5.3,5.3,1156371.89,636166.561
002127.SZ,20220523,5.62,5.75,5.56,5.66,1542317.86,869293.741
002127.SZ,20220520,5.21,5.69,5.18,5.59,1994020.74,1096962.208
002127.SZ,20220519,5.12,5.18,5.05,5.17,738844.44,378751.347
002127.SZ,20220518,5.38,5.44,5.21,5.31,939869.52,499254.195
002127.SZ,20220517,5.41,5.42,5.26,5.34,828160.38,440326.782
002127.SZ,20220516,5.29,5.55,5.22,5.47,1305337.79,703891.762
002127.SZ,20220513,5.34,5.4,5.21,5.26,897426.55,474071.588
002127.SZ,20220512,5.17,5.47,5.1,5.4,1520644.1,805338.723
002127.SZ,20220511,5.3,5.43,5.15,5.15,1250771.37,662192.324
002127.SZ,20220510,5.15,5.25,5.09,5.15,945739.43,486567.787
002127.SZ,20220509,5.27,5.4,5.12,5.18,1548281.21,808244.304
002127.SZ,20220506,5.03,5.8,5.02,5.35,2300577.19,1265787.824
002127.SZ,20220505,5.24,5.27,4.95,5.27,1079936.02,554984.886
002127.SZ,20220429,4.41,4.79,4.41,4.79,707731.65,326970.243
002127.SZ,20220428,4.33,4.57,4.29,4.35,517672.16,227984.321
002127.SZ,20220427,4.15,4.34,4.04,4.31,561012.93,235210.704
002127.SZ,20220426,4.41,4.43,4.18,4.22,431872.44,186321.414
002127.SZ,20220425,4.73,4.76,4.35,4.35,598815.92,272664.063
002127.SZ,20220422,4.88,4.95,4.69,4.83,512789.9,246004.271
002127.SZ,20220421,5.06,5.17,4.9,4.91,567904.11,286543.378
002127.SZ,20220420,5.04,5.33,5.01,5.08,582727.91,300729.356
002127.SZ,20220419,5.06,5.11,4.95,5.01,412809.35,207111.119
002127.SZ,20220418,5.07,5.17,4.94,5.1,376367.81,190745.783
002127.SZ,20220415,5.33,5.45,5.12,5.16,579613.13,305408.108
002127.SZ,20220414,5.35,5.47,5.28,5.4,688268.87,370204.509
002127.SZ,20220413,5.25,5.65,5.12,5.47,1170618.13,631615.875
002127.SZ,20220412,5.11,5.28,5.03,5.28,554152.91,285633.252
002127.SZ,20220411,5.3,5.41,5.06,5.11,598666.42,312631.357
002127.SZ,20220408,5.37,5.38,5.16,5.28,650162.52,341256.48
002127.SZ,20220407,5.52,5.61,5.36,5.39,674917.55,370490.638
002127.SZ,20220406,5.45,5.64,5.41,5.54,864312.43,479826.379
002127.SZ,20220401,5.4,5.59,5.33,5.45,960693.12,526762.298
002127.SZ,20220331,5.56,5.66,5.4,5.44,1384358.59,764341.137
002127.SZ,20220330,5.48,5.8,5.44,5.68,2172417.59,1227943.32
002127.SZ,20220329,5.13,5.63,5.13,5.63,1647325.12,897066.013
002127.SZ,20220328,5.36,5.38,5.11,5.12,1280133.86,663911.925
002127.SZ,20220325,4.88,5.36,4.85,5.36,447024.79,234480.94
002127.SZ,20220324,4.94,4.95,4.86,4.87,201083.69,98301.354
002127.SZ,20220323,4.99,5.01,4.94,4.97,207017.92,102992.318
002127.SZ,20220322,4.89,5.01,4.84,4.98,289810.51,142705.089
002127.SZ,20220321,4.93,4.96,4.84,4.91,267892.0,131448.027
002127.SZ,20220318,4.86,4.95,4.83,4.93,267570.21,131236.529
002127.SZ,20220317,4.92,4.96,4.81,4.86,400497.32,195959.644
002127.SZ,20220316,4.71,4.83,4.51,4.79,569054.63,267229.34
002127.SZ,20220315,4.91,4.92,4.57,4.59,528596.6,251483.508
002127.SZ,20220314,5.05,5.16,4.9,4.91,357786.46,179275.219
002127.SZ,20220311,4.81,5.13,4.78,5.09,501309.61,248491.272
002127.SZ,20220310,5.03,5.08,4.92,4.94,375878.71,188023.644
002127.SZ,20220309,5.12,5.17,4.75,4.95,622774.88,309375.326
002127.SZ,20220308,5.36,5.41,5.08,5.13,565132.96,293970.382
002127.SZ,20220307,5.5,5.5,5.35,5.39,323655.38,175111.776
002127.SZ,20220304,5.49,5.57,5.47,5.52,225710.84,124639.174
002127.SZ,20220303,5.63,5.64,5.52,5.54,260677.8,145153.196
002127.SZ,20220302,5.58,5.65,5.55,5.61,195594.84,109754.812
002127.SZ,20220301,5.59,5.67,5.57,5.62,273931.23,153895.557
002127.SZ,20220228,5.56,5.6,5.38,5.58,370147.35,203690.655
002127.SZ,20220225,5.61,5.66,5.52,5.56,354752.56,198175.985
002127.SZ,20220224,5.83,5.84,5.5,5.57,735563.99,416102.655
002127.SZ,20220223,5.74,5.92,5.72,5.88,456125.21,266099.431
002127.SZ,20220222,5.93,5.94,5.66,5.72,694407.21,400439.212
002127.SZ,20220221,5.91,5.99,5.91,5.97,258462.64,154042.465
002127.SZ,20220218,5.88,5.96,5.87,5.95,174297.15,102976.571
002127.SZ,20220217,5.98,5.99,5.92,5.93,186579.35,110931.083
002127.SZ,20220216,5.94,6.1,5.93,6.0,250457.01,150131.989
002127.SZ,20220215,5.99,6.03,5.87,5.93,241639.22,143423.026
002127.SZ,20220214,5.94,6.02,5.92,5.99,206562.0,123590.429
002127.SZ,20220211,6.07,6.14,5.97,6.0,268757.55,161927.922
002127.SZ,20220210,6.04,6.1,6.02,6.09,244534.72,148209.157
002127.SZ,20220209,6.04,6.17,6.03,6.06,337319.41,205103.717
002127.SZ,20220208,5.86,6.02,5.83,6.0,340306.38,202027.244
002127.SZ,20220207,5.85,5.93,5.79,5.87,398141.57,233307.802
002127.SZ,20220128,5.9,5.94,5.78,5.85,308075.55,180964.69
002127.SZ,20220127,5.96,5.97,5.77,5.78,375210.49,219166.226
002127.SZ,20220126,5.9,6.01,5.9,5.96,315946.94,188025.944
002127.SZ,20220125,6.4,6.4,5.88,5.9,870728.59,529930.984
002127.SZ,20220124,6.55,6.56,6.4,6.42,347924.47,224383.547
002127.SZ,20220121,6.78,6.8,6.52,6.54,633518.13,417754.909
002127.SZ,20220120,6.86,6.91,6.78,6.79,373204.3,254944.38
002127.SZ,20220119,6.92,6.98,6.85,6.89,333835.04,230591.274
002127.SZ,20220118,7.06,7.09,6.93,6.95,411676.8,287935.659
002127.SZ,20220117,6.79,7.13,6.78,7.03,795014.94,558452.117
002127.SZ,20220114,6.92,6.96,6.75,6.76,467816.24,319544.227
002127.SZ,20220113,6.95,7.1,6.93,6.94,435105.47,304973.343
002127.SZ,20220112,7.0,7.03,6.96,6.99,310757.83,217229.918
002127.SZ,20220111,7.06,7.12,6.95,6.99,397629.75,279716.65
002127.SZ,20220110,6.97,7.08,6.89,7.08,415824.8,291397.893
002127.SZ,20220107,7.08,7.28,6.98,6.98,720506.14,512632.136
002127.SZ,20220106,7.09,7.12,7.01,7.08,496481.17,350152.951
002127.SZ,20220105,7.07,7.19,7.02,7.13,650821.11,463165.331
002127.SZ,20220104,6.88,7.15,6.88,7.09,798596.58,562478.483
002127.SZ,20211231,6.92,6.94,6.85,6.9,404066.36,278616.346
002127.SZ,20211230,6.66,7.06,6.65,6.88,897138.36,618273.217
002127.SZ,20211229,6.8,6.82,6.65,6.68,418010.03,279745.375
002127.SZ,20211228,6.83,6.91,6.81,6.82,314453.24,215334.755
002127.SZ,20211227,6.94,6.98,6.8,6.87,370914.6,254709.273
002127.SZ,20211224,6.84,6.88,6.74,6.81,334184.0,226878.131
002127.SZ,20211223,6.85,6.97,6.84,6.87,427199.65,294493.97
002127.SZ,20211222,6.75,7.18,6.72,6.91,937968.69,652981.792
002127.SZ,20211221,6.63,6.74,6.6,6.73,412323.8,274699.889
002127.SZ,20211220,6.66,6.74,6.58,6.61,405624.48,269634.086
002127.SZ,20211217,6.78,6.79,6.7,6.7,351666.97,236978.751
002127.SZ,20211216,6.78,6.85,6.73,6.8,409860.92,278042.922
002127.SZ,20211215,6.85,6.9,6.76,6.78,397911.64,271230.21
002127.SZ,20211214,6.82,6.97,6.8,6.87,457034.51,314734.101
002127.SZ,20211213,6.83,6.93,6.78,6.84,442799.05,303287.406
002127.SZ,20211210,6.85,6.94,6.81,6.84,481045.62,330305.371
002127.SZ,20211209,6.71,6.92,6.71,6.88,645522.92,442353.474
002127.SZ,20211208,6.68,6.79,6.62,6.74,464333.45,311880.433
002127.SZ,20211207,6.63,6.72,6.6,6.66,327786.73,218040.739
002127.SZ,20211206,6.63,6.75,6.51,6.63,521282.07,344961.942
002127.SZ,20211203,6.61,6.68,6.6,6.65,259356.96,172297.293
002127.SZ,20211202,6.62,6.71,6.6,6.61,303640.51,201541.984
002127.SZ,20211201,6.6,6.69,6.54,6.66,363160.95,240366.49
002127.SZ,20211130,6.57,6.71,6.53,6.53,484890.9,321018.926
002127.SZ,20211129,6.55,6.65,6.51,6.57,291671.99,191933.335
002127.SZ,20211126,6.77,6.77,6.66,6.67,332999.07,222908.699
002127.SZ,20211125,6.87,6.87,6.78,6.79,339467.26,230992.445
002127.SZ,20211124,6.68,6.93,6.66,6.87,645282.99,440167.668
002127.SZ,20211123,6.63,6.76,6.61,6.72,353116.15,236246.32
002127.SZ,20211122,6.79,6.8,6.62,6.67,602402.44,403281.248
002127.SZ,20211119,6.72,6.81,6.72,6.8,305399.12,206809.435
002127.SZ,20211118,6.88,6.9,6.75,6.76,379649.93,258451.076
002127.SZ,20211117,6.85,6.96,6.82,6.87,333800.56,229942.61
002127.SZ,20211116,7.03,7.11,6.88,6.89,494511.09,345409.841
002127.SZ,20211115,7.0,7.16,6.98,7.04,446666.21,315256.073
002127.SZ,20211112,6.96,7.27,6.78,7.09,949024.46,665403.231
002127.SZ,20211111,7.08,7.1,6.99,6.99,517899.03,364015.546
002127.SZ,20211110,7.21,7.21,6.98,7.1,548552.12,387439.367
002127.SZ,20211109,7.33,7.46,7.2,7.25,488286.75,356485.446
002127.SZ,20211108,7.45,7.45,7.23,7.35,418273.15,306805.047
002127.SZ,20211105,7.27,7.49,7.21,7.42,737695.47,545016.804
002127.SZ,20211104,7.21,7.34,7.14,7.24,446156.92,322472.617
002127.SZ,20211103,7.31,7.53,7.22,7.28,663617.56,487783.273
002127.SZ,20211102,7.25,7.39,7.11,7.15,539636.91,389900.379
002127.SZ,20211101,7.1,7.43,7.08,7.34,615338.51,448836.924
002127.SZ,20211029,7.09,7.32,7.06,7.17,620972.27,446635.684
002127.SZ,20211028,6.86,7.26,6.83,7.14,793544.4,561689.366
002127.SZ,20211027,7.07,7.26,6.74,6.9,789181.44,548243.988
002127.SZ,20211026,7.23,7.3,7.07,7.14,661011.75,475114.318
002127.SZ,20211025,7.32,7.48,7.23,7.31,681042.9,498655.259
002127.SZ,20211022,7.6,7.98,7.42,7.42,1206174.35,926923.068
002127.SZ,20211021,7.29,7.76,7.25,7.7,1354843.1,1023030.453
002127.SZ,20211020,7.13,7.77,6.97,7.49,1456940.53,1069759.116
002127.SZ,20211019,7.1,7.21,7.01,7.13,544692.53,387387.02
002127.SZ,20211018,7.18,7.22,7.03,7.12,616142.71,437686.362
002127.SZ,20211015,7.48,7.54,7.12,7.22,1126823.49,818700.896
002127.SZ,20211014,6.81,7.48,6.77,7.48,1126499.85,802904.882
002127.SZ,20211013,6.67,6.83,6.65,6.8,388353.37,261998.134
002127.SZ,20211012,6.71,6.72,6.55,6.63,382407.21,253631.026
002127.SZ,20211011,6.79,6.91,6.69,6.73,486788.78,329529.267
002127.SZ,20211008,6.69,6.91,6.64,6.77,636653.85,431393.151
002127.SZ,20210930,6.41,6.66,6.39,6.6,550675.81,358050.543
002127.SZ,20210929,6.58,6.63,6.42,6.42,529824.54,343753.26
002127.SZ,20210928,6.67,6.71,6.56,6.61,473990.45,314104.358
002127.SZ,20210927,6.74,6.85,6.6,6.64,572198.08,382823.244
002127.SZ,20210924,6.87,6.97,6.74,6.75,542626.42,371808.184
002127.SZ,20210923,6.78,7.09,6.78,6.86,725819.26,501277.861
002127.SZ,20210922,6.89,6.92,6.75,6.77,546828.31,373109.468
002127.SZ,20210917,7.26,7.27,6.94,6.96,810352.92,569536.683
002127.SZ,20210916,7.36,7.53,7.21,7.22,591366.9,434281.556
002127.SZ,20210915,7.82,7.83,7.16,7.4,1078270.26,801701.47
002127.SZ,20210914,7.95,8.08,7.84,7.86,401940.74,319033.136
002127.SZ,20210913,7.96,8.09,7.82,7.98,461953.02,367061.672
002127.SZ,20210910,8.05,8.09,7.95,7.96,396979.11,318192.546
002127.SZ,20210909,8.15,8.19,8.01,8.05,405881.66,328151.607
002127.SZ,20210908,7.99,8.19,7.98,8.16,503706.1,408726.222
002127.SZ,20210907,7.9,8.15,7.88,8.03,500591.61,400781.225
002127.SZ,20210906,7.89,8.0,7.82,7.94,457067.24,361381.972
002127.SZ,20210903,7.81,7.97,7.81,7.92,343219.7,271374.437
002127.SZ,20210902,8.0,8.0,7.85,7.88,374487.74,295984.929
002127.SZ,20210901,7.83,8.1,7.7,8.03,596141.5,469514.998
002127.SZ,20210831,7.96,8.11,7.8,7.89,763349.29,605010.311
002127.SZ,20210830,8.14,8.38,8.14,8.14,1173901.17,961528.356
002127.SZ,20210827,9.01,9.18,8.9,9.04,300471.54,271720.706
002127.SZ,20210826,9.25,9.31,9.02,9.04,433588.85,395925.889
002127.SZ,20210825,9.32,9.49,9.23,9.36,446559.44,417629.831
002127.SZ,20210824,9.23,9.28,9.06,9.19,297663.77,273166.311
002127.SZ,20210823,9.14,9.25,9.07,9.2,298819.54,273940.421
002127.SZ,20210820,9.06,9.19,8.85,9.09,334218.56,302369.033
002127.SZ,20210819,9.06,9.23,9.03,9.05,349099.43,317455.721
002127.SZ,20210818,9.51,9.55,8.99,9.15,707035.76,649303.215
002127.SZ,20210817,9.95,9.97,9.55,9.62,554592.26,539411.174
002127.SZ,20210816,9.61,10.11,9.59,10.02,626526.94,620847.863
002127.SZ,20210813,9.79,9.79,9.56,9.62,401473.71,387739.66
002127.SZ,20210812,9.75,9.95,9.68,9.8,423442.97,415076.877
002127.SZ,20210811,10.04,10.13,9.8,9.84,484184.15,480415.527
002127.SZ,20210810,10.2,10.2,9.95,10.03,394155.44,394638.217
002127.SZ,20210809,9.8,10.21,9.73,10.1,605615.3,609798.424
002127.SZ,20210806,9.8,9.99,9.52,9.87,567301.34,551151.98
002127.SZ,20210805,9.95,10.01,9.66,9.77,557134.13,546223.013
002127.SZ,20210804,9.95,10.22,9.93,10.02,422483.56,423982.857
002127.SZ,20210803,10.3,10.43,9.96,10.05,585667.24,593251.872
002127.SZ,20210802,10.1,10.6,9.83,10.31,692003.97,704771.826
002127.SZ,20210730,10.1,10.57,10.05,10.26,550535.64,566708.16
002127.SZ,20210729,10.25,10.42,10.08,10.22,664256.32,681700.476
002127.SZ,20210728,9.66,10.15,9.65,10.06,881785.97,875652.035
002127.SZ,20210727,10.02,10.19,9.68,9.7,814865.1,809946.357
002127.SZ,20210726,11.14,11.16,9.98,10.08,1549110.82,1595704.442
002127.SZ,20210723,11.26,11.55,11.05,11.09,698491.5,785381.199
002127.SZ,20210722,11.21,11.5,11.03,11.36,820059.6,921762.424
002127.SZ,20210721,11.63,11.82,11.22,11.31,864235.81,993713.604
002127.SZ,20210720,11.8,11.95,11.29,11.51,942977.74,1090227.547
002127.SZ,20210719,11.9,12.35,11.8,11.95,855475.78,1024558.064
002127.SZ,20210716,12.1,12.48,11.83,12.0,1172149.91,1417765.411
002127.SZ,20210715,11.3,12.41,11.11,12.15,1751472.76,2087957.963
002127.SZ,20210714,11.21,11.62,11.01,11.29,898580.27,1018100.019
002127.SZ,20210713,10.8,11.76,10.76,11.29,1131954.31,1284826.17
002127.SZ,20210712,11.2,11.39,10.9,10.9,905749.28,999322.561
002127.SZ,20210709,11.04,11.34,10.54,11.26,1312812.38,1440113.757
002127.SZ,20210708,11.49,11.83,11.0,11.0,1731554.93,1955006.884
002127.SZ,20210707,10.39,11.42,10.39,11.42,1893887.73,2114174.819
002127.SZ,20210706,10.51,10.62,10.23,10.38,1113440.36,1156635.491
002127.SZ,20210705,10.47,11.04,10.22,10.67,1503320.88,1603343.672
002127.SZ,20210702,9.92,10.62,9.85,10.27,1568927.2,1607453.541
002127.SZ,20210701,9.77,10.14,9.71,9.93,885826.42,882765.66
002127.SZ,20210630,9.7,10.11,9.62,9.77,902157.06,886428.148
002127.SZ,20210629,9.55,10.07,9.31,9.78,1631422.93,1591581.869
002127.SZ,20210628,8.6,9.46,8.49,9.46,1285292.54,1170098.197
002127.SZ,20210625,8.69,8.69,8.43,8.6,452776.15,385567.194
002127.SZ,20210624,8.56,8.73,8.5,8.67,440581.75,380657.107
002127.SZ,20210623,8.56,8.65,8.49,8.57,394160.4,337971.524
002127.SZ,20210622,8.7,8.84,8.5,8.55,596327.41,514001.736
002127.SZ,20210621,9.05,9.08,8.73,8.75,717551.48,635716.574
002127.SZ,20210618,8.96,9.19,8.81,9.09,518157.57,467726.663
002127.SZ,20210617,9.08,9.12,8.91,8.91,406745.29,365052.549
002127.SZ,20210616,9.12,9.33,9.0,9.1,450582.2,411510.782
002127.SZ,20210615,9.34,9.38,8.9,9.07,693575.56,630149.063
002127.SZ,20210611,9.37,9.59,9.23,9.32,711375.17,667660.396
002127.SZ,20210610,9.38,9.77,9.35,9.42,645226.05,616118.42
002127.SZ,20210609,9.7,9.77,9.43,9.43,693163.66,663285.166
002127.SZ,20210608,9.79,9.94,9.62,9.76,568080.71,554749.151
002127.SZ,20210607,9.94,10.09,9.55,9.78,608521.44,597123.14
002127.SZ,20210604,10.15,10.16,9.9,10.01,815608.69,814685.913
002127.SZ,20210603,10.2,10.69,10.11,10.29,1153729.13,1201464.658
002127.SZ,20210602,10.13,10.34,9.96,10.18,781999.86,795746.192
002127.SZ,20210601,10.22,10.28,9.94,10.06,716902.54,721270.369
002127.SZ,20210531,9.76,10.37,9.7,10.2,1255538.75,1263265.609
002127.SZ,20210528,10.1,10.18,9.75,9.76,1239370.78,1227238.288
002127.SZ,20210527,10.34,10.63,10.07,10.16,2291886.98,2366701.597
002127.SZ,20210526,9.28,10.18,9.25,10.18,1434677.4,1397545.087
002127.SZ,20210525,9.24,9.33,9.07,9.25,530112.4,487457.518
002127.SZ,20210524,9.29,9.37,9.12,9.2,444248.57,409240.279
002127.SZ,20210521,9.29,9.56,9.12,9.24,709628.65,662331.544
002127.SZ,20210520,9.47,9.54,9.16,9.24,893337.09,831606.395
002127.SZ,20210519,9.44,9.85,9.28,9.49,1144184.38,1096688.456
002127.SZ,20210518,8.93,9.64,8.93,9.4,1108461.31,1031350.34
002127.SZ,20210517,8.98,9.12,8.86,8.93,672626.26,602336.611
002127.SZ,20210514,9.09,9.22,8.83,8.99,954983.84,863231.251
002127.SZ,20210513,8.38,9.16,8.34,9.0,1397313.1,1238228.668
002127.SZ,20210512,8.2,8.47,8.18,8.46,635039.88,532522.358
002127.SZ,20210511,8.12,8.26,8.1,8.2,366905.89,300314.666
002127.SZ,20210510,8.02,8.28,8.0,8.21,543009.67,442705.447
002127.SZ,20210507,7.91,8.09,7.78,7.93,520073.76,412809.99
002127.SZ,20210506,8.12,8.14,7.91,7.93,464562.49,370884.159
002127.SZ,20210430,8.06,8.18,7.97,8.08,347464.52,281104.828
002127.SZ,20210429,8.25,8.29,8.06,8.08,621203.97,506556.053
002127.SZ,20210428,8.28,8.62,8.16,8.36,751331.92,633454.19
002127.SZ,20210427,8.04,8.43,7.86,8.32,1036633.36,842073.621
002127.SZ,20210426,8.15,8.33,8.02,8.08,645870.68,527192.548
002127.SZ,20210423,8.66,8.67,8.22,8.25,1146991.28,959418.55
002127.SZ,20210422,8.75,8.79,8.68,8.69,476128.5,415165.92
002127.SZ,20210421,8.87,8.91,8.75,8.76,661265.95,583221.142
002127.SZ,20210420,8.86,9.04,8.85,8.93,543435.8,486223.214
002127.SZ,20210419,8.93,9.12,8.78,8.93,756290.97,676743.542
002127.SZ,20210416,8.95,9.09,8.84,8.95,753044.52,676372.262
002127.SZ,20210415,8.97,9.23,8.92,9.16,510877.83,464397.567
002127.SZ,20210414,8.85,9.09,8.73,9.06,712013.24,631561.305
002127.SZ,20210413,9.18,9.19,8.85,8.93,653233.45,587447.001
002127.SZ,20210412,9.33,9.46,9.16,9.17,436752.0,404562.521
002127.SZ,20210409,9.39,9.39,9.22,9.26,429444.2,398111.58
002127.SZ,20210408,9.57,9.58,9.41,9.43,470502.99,446303.939
002127.SZ,20210407,9.29,9.67,9.22,9.58,814175.46,775224.644
002127.SZ,20210406,9.26,9.33,9.14,9.3,361392.26,334277.47
002127.SZ,20210402,9.38,9.42,9.22,9.26,350226.88,325326.85
002127.SZ,20210401,9.19,9.34,9.17,9.28,373375.31,345101.711
002127.SZ,20210331,9.3,9.32,9.15,9.18,437516.98,401899.728
002127.SZ,20210330,9.4,9.44,9.2,9.29,546306.94,506763.089
002127.SZ,20210329,9.7,9.72,9.4,9.45,610747.57,581073.441
002127.SZ,20210326,9.48,9.79,9.42,9.68,729486.43,701535.559
002127.SZ,20210325,9.3,9.7,9.24,9.5,780374.57,739734.489
002127.SZ,20210324,9.47,9.5,9.15,9.21,715595.91,662567.587
002127.SZ,20210323,9.69,9.73,9.47,9.55,624585.06,596970.031
002127.SZ,20210322,9.48,9.98,9.4,9.66,880586.51,852437.674
002127.SZ,20210319,9.7,9.89,9.5,9.54,928656.01,897577.786
002127.SZ,20210318,9.55,9.97,9.42,9.87,1168736.74,1138302.952
002127.SZ,20210317,9.42,9.84,9.37,9.52,821393.55,787508.49
002127.SZ,20210316,9.29,9.91,9.29,9.52,1146716.64,1099914.273
002127.SZ,20210315,8.99,9.31,8.92,9.12,552191.77,504326.149
002127.SZ,20210312,9.4,9.45,9.08,9.11,784911.72,722406.026
002127.SZ,20210311,9.3,9.56,9.18,9.42,687669.6,646002.448
002127.SZ,20210310,9.5,9.55,9.2,9.32,588373.98,551729.457
002127.SZ,20210309,9.66,9.76,8.92,9.37,988378.18,925741.511
002127.SZ,20210308,9.93,10.12,9.57,9.61,974451.44,962233.558
002127.SZ,20210305,9.58,10.02,9.54,9.92,800645.63,791594.552
002127.SZ,20210304,10.17,10.17,9.76,9.8,974982.55,968321.293
002127.SZ,20210303,10.11,10.35,9.86,10.33,974457.64,982238.802
002127.SZ,20210302,10.82,10.93,10.19,10.23,1078840.25,1129699.644
002127.SZ,20210301,10.69,10.84,10.51,10.82,764321.85,819244.606
002127.SZ,20210226,10.7,10.96,10.51,10.58,925819.96,992273.211
002127.SZ,20210225,11.38,11.45,10.7,11.04,1106194.97,1213850.839
002127.SZ,20210224,11.74,11.83,11.22,11.31,1118515.55,1280713.337
002127.SZ,20210223,11.22,11.91,11.14,11.73,1358629.51,1575366.827
002127.SZ,20210222,11.54,12.03,11.05,11.34,1681085.89,1935486.564
002127.SZ,20210219,11.03,11.6,10.74,11.53,1426239.06,1600006.848
002127.SZ,20210218,10.5,11.03,10.43,10.93,1353527.9,1457672.526
002127.SZ,20210210,10.66,10.72,10.06,10.23,1288504.13,1329807.64
002127.SZ,20210209,10.45,10.96,10.23,10.55,1351129.3,1436875.627
002127.SZ,20210208,10.9,11.15,10.13,10.41,1540587.93,1615992.323
002127.SZ,20210205,11.04,11.8,10.8,11.25,1863716.66,2103257.535
002127.SZ,20210204,10.98,11.38,10.63,11.04,2125784.82,2353181.951
002127.SZ,20210203,9.83,10.78,9.67,10.78,1826470.64,1900384.755
002127.SZ,20210202,9.8,10.15,9.61,9.8,1226440.48,1212250.194
002127.SZ,20210201,9.77,9.77,9.2,9.59,1112346.91,1057336.046
002127.SZ,20210129,9.87,10.26,9.53,9.77,1693802.62,1674272.042
002127.SZ,20210128,10.14,10.48,9.73,10.3,2376331.46,2422235.295
002127.SZ,20210127,8.82,9.53,8.79,9.53,1263850.36,1172203.38
002127.SZ,20210126,9.07,9.18,8.65,8.66,1148597.26,1017405.093
002127.SZ,20210125,9.48,9.48,9.19,9.2,886654.34,822390.228
002127.SZ,20210122,9.53,9.56,9.21,9.53,875477.22,821983.817
002127.SZ,20210121,9.63,9.68,9.23,9.52,1011915.33,960017.423
002127.SZ,20210120,9.6,9.84,9.55,9.63,933450.88,903688.171
002127.SZ,20210119,9.73,9.93,9.44,9.51,1214327.91,1174664.405
002127.SZ,20210118,10.11,10.63,9.62,9.74,1800099.1,1783397.381
002127.SZ,20210115,10.2,11.0,10.01,10.48,1846085.75,1943433.83
002127.SZ,20210114,9.31,10.38,8.91,10.21,2035544.92,1959981.023
002127.SZ,20210113,9.48,10.0,9.32,9.44,1938792.93,1863323.437
002127.SZ,20210112,10.16,10.17,9.23,9.23,1776344.59,1649093.716
002127.SZ,20210111,10.36,10.65,10.17,10.26,1635700.1,1695074.021
002127.SZ,20210108,10.31,10.4,10.0,10.16,1284850.93,1310048.991
002127.SZ,20210107,10.37,10.63,10.09,10.16,1787274.19,1843883.816
002127.SZ,20210106,11.31,11.49,10.01,10.37,2562139.29,2714868.946
002127.SZ,20210105,11.68,11.68,11.08,11.09,1008979.3,1125764.625
002127.SZ,20210104,13.61,13.62,12.31,12.31,705648.61,884971.458
002127.SZ,20201231,13.68,13.75,13.5,13.68,301167.53,409740.217
002127.SZ,20201230,13.9,14.05,13.3,13.66,391745.1,535362.046
002127.SZ,20201229,14.2,14.27,13.8,13.83,280891.55,392533.562
002127.SZ,20201228,14.58,14.62,13.9,13.99,442681.49,629306.217
002127.SZ,20201225,15.15,15.36,14.43,14.43,254480.45,377015.463
002127.SZ,20201224,15.39,15.52,15.13,15.37,183215.14,279616.733
002127.SZ,20201223,14.73,15.73,14.59,15.57,439411.78,674458.241
002127.SZ,20201222,14.7,15.33,14.69,14.78,299091.61,447806.909
002127.SZ,20201221,14.6,14.94,14.49,14.71,273596.29,403361.945
002127.SZ,20201218,14.93,14.99,14.45,14.49,313281.92,458011.938
002127.SZ,20201217,15.0,15.52,14.55,14.92,297922.16,444057.532
002127.SZ,20201216,15.38,15.4,14.91,14.96,274343.78,414010.637
002127.SZ,20201215,15.4,15.73,15.29,15.38,148940.28,230049.909
002127.SZ,20201214,15.46,15.56,14.85,15.52,198628.19,304250.154
002127.SZ,20201211,15.69,15.75,15.18,15.64,315085.64,486505.209
002127.SZ,20201210,15.61,15.95,15.47,15.74,212013.23,333044.863
002127.SZ,20201209,15.75,16.05,15.11,15.7,534940.97,831569.034
002127.SZ,20201208,16.24,16.28,15.66,15.72,337965.0,536636.579
002127.SZ,20201207,16.95,16.95,16.17,16.18,306809.08,502965.293
002127.SZ,20201204,17.08,17.14,16.7,16.8,156728.78,263422.624
002127.SZ,20201203,16.25,17.35,16.17,16.93,476737.03,802159.712
002127.SZ,20201202,16.35,16.57,16.16,16.19,259806.69,423051.377
002127.SZ,20201201,16.3,16.58,16.14,16.4,275922.37,451229.848
002127.SZ,20201130,17.3,17.3,16.11,16.59,441236.49,725836.679
002127.SZ,20201127,17.04,17.62,16.95,17.26,160417.96,277297.799
002127.SZ,20201126,16.98,17.24,16.61,17.16,166800.93,282573.124
002127.SZ,20201125,17.44,17.63,16.91,17.04,182933.26,313984.671
002127.SZ,20201124,17.63,17.73,17.25,17.44,235990.8,410506.769
002127.SZ,20201123,16.84,17.85,16.56,17.66,412251.3,718417.088
002127.SZ,20201120,17.17,17.6,16.81,16.9,224337.74,383286.448
002127.SZ,20201119,17.3,17.59,16.8,17.46,184394.21,318926.515
002127.SZ,20201118,17.32,17.65,17.25,17.32,125303.32,218490.329
002127.SZ,20201117,17.26,17.57,17.14,17.34,217540.72,377243.055
002127.SZ,20201116,17.63,17.81,17.08,17.16,273652.6,474419.444
002127.SZ,20201113,17.69,17.77,17.35,17.62,145326.1,255228.736
002127.SZ,20201112,18.39,18.39,17.35,17.56,395822.67,698537.675
002127.SZ,20201111,17.88,19.41,17.8,18.39,401978.42,752121.341
002127.SZ,20201110,18.8,18.81,17.52,18.06,404926.69,723159.461
002127.SZ,20201109,18.46,18.95,18.1,18.81,270131.98,503725.601
002127.SZ,20201106,17.95,18.58,17.86,18.37,263321.76,479682.324
002127.SZ,20201105,18.01,18.3,17.51,17.98,287225.56,513594.351
002127.SZ,20201104,18.16,18.2,17.72,18.01,215304.5,386462.559
002127.SZ,20201103,18.4,18.8,18.2,18.29,166273.36,305839.21
002127.SZ,20201102,18.29,18.6,18.07,18.22,212124.74,388325.286
002127.SZ,20201030,18.91,19.0,18.23,18.44,203980.95,378583.789
002127.SZ,20201029,18.35,18.95,18.12,18.81,180407.18,336506.54
002127.SZ,20201028,18.69,18.94,17.73,18.59,328009.21,602812.615
002127.SZ,20201027,19.55,19.63,18.72,18.76,309588.13,588895.522
002127.SZ,20201026,19.45,19.64,18.49,19.62,243745.9,468874.908
002127.SZ,20201023,20.18,20.78,19.15,19.31,459705.78,901370.382
002127.SZ,20201022,20.09,20.35,19.63,20.2,242584.82,486186.761
002127.SZ,20201021,20.09,20.62,19.66,20.13,233922.08,469422.91
002127.SZ,20201020,19.37,20.48,19.06,20.35,357727.17,712932.783
002127.SZ,20201019,19.58,19.95,19.1,19.36,221045.61,431230.368
002127.SZ,20201016,19.97,20.0,19.03,19.31,265712.55,516241.049
002127.SZ,20201015,20.26,20.43,19.66,19.67,227318.64,452173.807
002127.SZ,20201014,21.0,21.0,19.8,20.25,341648.67,691282.141
002127.SZ,20201013,20.5,20.75,20.12,20.6,203104.69,416323.921
002127.SZ,20201012,19.0,20.75,18.99,20.6,722789.45,1468748.659
002127.SZ,20201009,17.8,18.99,17.77,18.99,259121.57,485610.844
002127.SZ,20200930,17.58,17.78,17.03,17.26,314250.43,545608.337
002127.SZ,20200929,17.99,18.26,17.41,17.45,265335.69,469348.723
002127.SZ,20200928,18.15,18.44,17.75,18.0,202551.05,363912.153
002127.SZ,20200925,17.86,18.18,17.81,18.06,132885.16,240061.673
002127.SZ,20200924,18.46,18.71,17.7,17.91,229980.33,414198.405
002127.SZ,20200923,17.94,18.53,17.62,18.46,202638.77,368821.062
002127.SZ,20200922,18.0,18.28,17.67,17.75,204524.77,365929.412
002127.SZ,20200921,18.7,18.87,18.03,18.12,261409.0,478247.261
002127.SZ,20200918,18.92,19.18,18.42,18.79,165884.89,309816.874
002127.SZ,20200917,19.03,19.09,18.35,18.84,181576.17,340041.534
002127.SZ,20200916,18.59,19.43,18.53,19.17,229931.81,438849.557
002127.SZ,20200915,18.47,19.45,18.13,18.76,230632.24,429246.66
002127.SZ,20200914,18.41,18.6,17.95,18.57,258846.46,473921.702
002127.SZ,20200911,18.68,18.85,18.23,18.6,186335.68,344906.047
002127.SZ,20200910,17.46,18.88,17.31,18.46,390783.62,721595.562
002127.SZ,20200909,18.4,18.41,17.23,17.47,384487.79,677631.567
002127.SZ,20200908,18.8,19.13,18.24,18.37,196201.43,364948.734
002127.SZ,20200907,19.59,19.65,18.55,18.75,302527.15,573817.215
002127.SZ,20200904,18.61,19.75,18.53,19.42,338877.33,654236.102
002127.SZ,20200903,18.7,19.35,18.33,18.82,299024.6,563207.541
002127.SZ,20200902,17.79,18.83,17.55,18.55,350948.76,644679.169
002127.SZ,20200901,18.35,18.37,17.41,17.8,544355.76,963074.772
002127.SZ,20200831,18.29,19.07,17.65,18.53,525367.04,971099.292
002127.SZ,20200828,18.61,18.98,17.87,18.15,443369.06,805769.538
002127.SZ,20200827,18.61,18.82,18.2,18.77,204179.64,378953.711
002127.SZ,20200826,19.03,19.37,18.16,18.51,298687.56,557760.464
002127.SZ,20200825,19.12,19.7,18.75,19.13,250458.13,481569.513
002127.SZ,20200824,20.48,20.48,18.91,19.09,612580.6,1167353.199
002127.SZ,20200821,20.35,21.08,20.2,21.01,286694.67,593976.363
002127.SZ,20200820,20.18,20.75,19.81,20.38,298794.81,606063.551
002127.SZ,20200819,20.0,21.05,19.69,20.21,440855.16,897580.727
002127.SZ,20200818,18.84,20.27,18.68,20.0,433073.25,855652.508
002127.SZ,20200817,19.6,19.75,18.61,18.93,427724.99,809045.294
002127.SZ,20200814,18.76,20.22,18.75,19.62,442957.86,874916.756
002127.SZ,20200813,18.42,19.27,18.05,18.94,343318.62,644135.531
002127.SZ,20200812,18.41,18.55,17.6,18.28,318651.11,576368.613
002127.SZ,20200811,18.94,19.05,18.25,18.4,321855.91,600927.915
002127.SZ,20200810,18.91,18.94,18.5,18.74,221282.28,414237.445
002127.SZ,20200807,19.18,19.53,18.5,18.91,205149.68,389239.151
002127.SZ,20200806,19.53,19.63,18.8,19.16,154265.87,294957.86
002127.SZ,20200805,19.3,19.73,19.1,19.35,313194.27,605906.865
002127.SZ,20200804,19.59,19.77,18.9,19.2,331733.07,636780.621
002127.SZ,20200803,19.97,20.0,19.43,19.68,229278.05,450122.03
002127.SZ,20200731,19.0,20.11,19.0,19.59,286918.22,561794.379
002127.SZ,20200730,20.32,20.5,19.04,19.27,385178.43,747716.81
002127.SZ,20200729,19.5,20.55,19.26,20.22,288991.55,582243.465
002127.SZ,20200728,19.24,19.98,18.68,19.31,368605.99,713169.713
002127.SZ,20200727,19.2,19.25,18.52,18.73,325778.59,614719.756
002127.SZ,20200724,20.36,20.45,18.91,19.13,526837.71,1023753.761
002127.SZ,20200723,20.48,20.89,19.88,20.57,484580.31,983555.608
002127.SZ,20200722,20.96,21.48,20.3,20.54,398038.86,825927.224
002127.SZ,20200721,21.1,21.17,20.4,20.97,320618.18,665835.622
002127.SZ,20200720,21.55,22.17,20.0,21.17,414597.51,861758.989
002127.SZ,20200717,21.26,22.22,20.63,21.24,270460.73,578781.876
002127.SZ,20200716,22.3,23.39,21.2,21.56,253382.32,565243.786
002127.SZ,20200715,23.52,23.8,22.0,22.34,294556.45,667016.061
002127.SZ,20200714,23.48,23.69,22.82,23.49,243373.67,567810.371
002127.SZ,20200713,23.6,24.0,22.85,23.48,287844.52,670286.358
002127.SZ,20200710,23.69,24.41,23.4,23.81,143818.81,341887.309
002127.SZ,20200709,23.68,24.35,23.15,23.75,214972.24,510855.581
002127.SZ,20200708,23.52,23.92,23.02,23.68,199283.67,470029.569
002127.SZ,20200707,21.89,24.09,21.6,23.52,228908.15,526552.092
002127.SZ,20200706,21.8,22.48,21.41,22.11,227804.18,500374.028
002127.SZ,20200703,21.67,22.77,21.4,21.86,222550.29,491346.563
002127.SZ,20200702,21.0,22.3,20.93,21.77,230919.41,504582.481
002127.SZ,20200701,21.05,21.45,20.82,21.22,164735.69,347395.447
002127.SZ,20200630,21.01,21.59,20.7,21.17,223024.41,472152.963
002127.SZ,20200629,22.48,22.48,20.63,21.07,319392.7,679417.648
002127.SZ,20200624,21.44,22.66,21.39,22.6,241664.6,535599.815
002127.SZ,20200623,21.22,21.67,20.81,21.39,190545.11,403657.694
002127.SZ,20200622,20.81,21.65,20.32,21.34,310662.11,648567.383
002127.SZ,20200619,19.82,21.48,19.82,21.15,282374.93,587286.904
002127.SZ,20200618,21.14,21.14,19.01,20.0,367970.99,730571.158
002127.SZ,20200617,21.21,21.4,20.15,20.77,226505.95,465684.411
002127.SZ,20200616,19.86,21.11,19.52,21.0,233496.47,474609.245
002127.SZ,20200615,20.0,20.58,19.6,19.75,349638.92,700078.005
002127.SZ,20200612,18.6,20.5,18.55,20.15,339102.77,671716.925
002127.SZ,20200611,19.1,19.7,18.83,19.06,207471.26,398610.145
002127.SZ,20200610,18.88,19.43,18.82,19.17,181156.07,345611.631
002127.SZ,20200609,18.46,19.43,18.45,19.12,303266.54,575051.815
002127.SZ,20200608,18.77,18.9,18.18,18.28,197913.04,363181.964
002127.SZ,20200605,18.6,19.08,18.37,18.58,238536.84,445065.631
002127.SZ,20200604,18.84,18.98,18.15,18.62,275707.89,510864.503
002127.SZ,20200603,18.88,19.23,18.4,18.81,274244.66,516406.232
002127.SZ,20200602,19.48,19.89,18.56,18.99,341115.32,653771.416
002127.SZ,20200601,18.9,20.07,18.8,19.65,425744.48,831246.402
002127.SZ,20200529,18.18,19.02,17.91,18.85,459764.68,856048.637
002127.SZ,20200528,18.78,19.07,17.82,18.35,550359.61,1008653.727
002127.SZ,20200527,19.6,19.7,18.88,19.17,378939.31,728606.252
002127.SZ,20200526,19.6,20.07,18.76,19.8,393270.11,765380.997
002127.SZ,20200525,18.2,19.5,18.1,19.5,436437.73,817669.071
002127.SZ,20200522,17.66,19.1,17.62,18.24,424001.84,773230.181
002127.SZ,20200521,17.13,18.32,17.03,17.79,309259.09,548162.143
002127.SZ,20200520,17.25,17.76,16.85,17.02,281240.72,484790.308
002127.SZ,20200519,16.8,17.67,16.48,17.39,317258.36,541093.581
002127.SZ,20200518,16.99,17.33,16.36,16.59,393783.89,662311.517
002127.SZ,20200515,16.1,17.08,16.08,16.67,409236.8,680502.396
002127.SZ,20200514,15.6,16.27,15.41,15.91,266265.87,423805.229
002127.SZ,20200513,15.6,16.12,15.38,16.01,389914.99,613628.988
002127.SZ,20200512,15.16,15.9,14.94,15.53,411461.72,638347.351
002127.SZ,20200511,15.36,15.62,14.75,15.22,397887.82,605132.984
002127.SZ,20200508,15.25,15.76,15.07,15.12,478228.29,734721.528
002127.SZ,20200507,14.2,15.57,14.2,15.57,416854.45,637440.978
002127.SZ,20200506,13.8,14.55,13.45,14.15,589674.27,825782.434
002127.SZ,20200430,14.73,14.84,13.66,13.66,556869.35,776453.033
002127.SZ,20200429,14.09,15.69,14.03,15.18,403344.28,611766.126
002127.SZ,20200428,14.22,14.75,13.86,14.27,322714.87,461925.122
002127.SZ,20200427,14.15,14.5,13.85,14.15,285413.42,404680.808
002127.SZ,20200424,14.38,14.38,13.95,14.1,264712.29,373174.492
002127.SZ,20200423,14.48,14.58,14.03,14.4,252880.38,362316.662
002127.SZ,20200422,13.92,14.61,13.85,14.4,422675.39,605847.717
002127.SZ,20200421,14.06,14.18,13.81,14.1,309015.42,433158.579
002127.SZ,20200420,13.81,14.28,13.63,14.16,408737.65,572909.162
002127.SZ,20200417,13.5,14.3,13.28,13.87,667016.83,917965.64
002127.SZ,20200416,12.01,13.07,12.01,13.07,584259.92,747622.657
002127.SZ,20200415,12.0,12.23,11.71,11.88,179261.94,213795.115
002127.SZ,20200414,11.7,12.06,11.63,12.0,145808.76,173628.494
002127.SZ,20200413,11.19,11.88,11.17,11.68,156859.05,182418.032
002127.SZ,20200410,11.8,11.85,11.23,11.3,129194.8,148170.908
002127.SZ,20200409,11.73,11.95,11.59,11.7,181692.57,213206.967
002127.SZ,20200408,11.9,11.93,11.55,11.62,184598.74,215253.412
002127.SZ,20200407,11.43,12.09,11.42,11.98,327577.59,387048.574
002127.SZ,20200403,11.6,11.6,11.13,11.27,173667.27,196270.261
002127.SZ,20200402,11.5,11.6,11.26,11.58,161558.93,185335.595
002127.SZ,20200401,11.55,11.82,11.3,11.53,182000.15,209944.446
002127.SZ,20200331,11.38,11.78,11.17,11.6,235973.44,272442.434
002127.SZ,20200330,11.01,11.6,10.82,11.5,402897.78,456907.157
002127.SZ,20200327,11.03,11.47,10.91,11.2,324276.68,364207.349
002127.SZ,20200326,10.68,10.94,10.58,10.85,148774.3,160316.884
002127.SZ,20200325,10.98,11.07,10.72,10.75,197977.73,215998.876
002127.SZ,20200324,10.31,10.92,10.31,10.81,269084.08,286328.126
002127.SZ,20200323,10.04,10.32,9.92,10.2,216569.31,219512.977
002127.SZ,20200320,10.52,10.55,10.1,10.4,167918.96,173125.809
002127.SZ,20200319,10.17,10.52,9.97,10.39,224338.95,230036.64
002127.SZ,20200318,10.12,10.7,9.83,10.21,225461.74,233460.956
002127.SZ,20200317,10.14,10.45,9.8,10.01,203541.1,205409.713
002127.SZ,20200316,10.9,10.95,10.06,10.15,241128.53,251788.347
002127.SZ,20200313,10.66,10.97,10.49,10.92,231198.11,247778.817
002127.SZ,20200312,10.95,11.17,10.8,11.07,166164.64,182835.621
002127.SZ,20200311,11.51,11.59,11.09,11.18,263079.45,296818.095
002127.SZ,20200310,11.15,11.7,11.15,11.54,372786.32,428633.293
002127.SZ,20200309,11.13,11.55,11.0,11.33,413393.38,464866.23
002127.SZ,20200306,11.7,11.88,11.33,11.46,512721.79,595200.0
002127.SZ,20200305,11.1,11.59,10.87,11.31,590262.66,658613.039
002127.SZ,20200304,10.12,10.92,10.02,10.88,406067.89,425714.417
002127.SZ,20200303,10.42,10.51,10.1,10.16,237074.3,244069.077
002127.SZ,20200302,9.9,10.43,9.86,10.34,272472.49,277834.057
002127.SZ,20200228,10.2,10.22,9.72,9.77,263157.17,262638.357
002127.SZ,20200227,10.58,10.68,10.32,10.42,203264.77,212934.627
002127.SZ,20200226,10.77,10.92,10.5,10.53,256905.61,272901.886
002127.SZ,20200225,10.9,11.06,10.62,10.95,285581.03,309056.228
002127.SZ,20200224,10.81,11.22,10.8,11.1,288660.16,318820.367
002127.SZ,20200221,10.86,11.01,10.75,10.87,228488.56,248074.273
002127.SZ,20200220,10.97,11.18,10.8,10.96,306305.42,335066.226
002127.SZ,20200219,10.59,11.13,10.5,10.95,414319.38,449653.126
002127.SZ,20200218,10.22,10.77,10.13,10.59,372348.33,389351.719
002127.SZ,20200217,9.98,10.24,9.98,10.22,302050.83,305344.63
002127.SZ,20200214,9.99,10.17,9.95,9.99,196742.12,197539.385
002127.SZ,20200213,10.25,10.39,10.0,10.04,216479.95,219322.663
002127.SZ,20200212,10.09,10.37,9.9,10.25,268864.61,274457.991
002127.SZ,20200211,10.12,10.25,10.0,10.09,258406.01,260861.787
002127.SZ,20200210,10.21,10.27,9.95,10.02,275757.63,278097.05
002127.SZ,20200207,9.76,10.15,9.52,10.15,332629.6,326722.47
002127.SZ,20200206,9.65,9.97,9.39,9.83,404833.86,391030.123
002127.SZ,20200205,10.05,10.38,9.47,9.67,419381.93,411883.874
002127.SZ,20200204,9.12,10.15,9.12,10.03,316147.01,309500.037
002127.SZ,20200203,9.23,9.8,9.23,9.23,319432.14,300222.091
002127.SZ,20200123,11.0,11.03,10.1,10.26,475832.2,496515.323
002127.SZ,20200122,11.21,11.21,10.77,11.08,217913.73,239766.203
002127.SZ,20200121,11.49,11.5,11.08,11.1,218007.69,244813.543
002127.SZ,20200120,11.26,11.52,11.02,11.46,288476.51,326034.862
002127.SZ,20200117,11.33,11.49,11.07,11.19,249819.41,280339.229
002127.SZ,20200116,11.64,11.69,11.24,11.36,225261.12,256773.667
002127.SZ,20200115,11.71,11.79,11.46,11.57,204089.87,236541.837
002127.SZ,20200114,11.95,12.03,11.67,11.69,264525.47,312360.822
002127.SZ,20200113,11.92,12.02,11.58,11.86,268827.37,316957.534
002127.SZ,20200110,12.03,12.15,11.77,11.92,211296.67,251256.264
002127.SZ,20200109,12.1,12.3,11.85,12.08,239646.09,288676.712
002127.SZ,20200108,12.17,12.5,12.0,12.08,339023.17,414096.071
002127.SZ,20200107,11.75,12.78,11.7,12.5,523790.79,646458.62
002127.SZ,20200106,11.7,12.1,11.53,11.66,381613.12,449949.669
002127.SZ,20200103,12.27,12.68,12.01,12.1,837982.47,1027803.092
002127.SZ,20200102,11.0,12.0,10.99,12.0,507251.83,589710.968
