ts_code,trade_date,open,high,low,close,vol,amount
300209.SZ,20260416,12.36,14.4,12.36,13.58,1757116.65,2346256.577
300209.SZ,20260415,12.56,13.1,12.18,12.65,1077788.57,1360268.925
300209.SZ,20260414,13.42,13.49,12.35,12.49,1300285.24,1676059.423
300209.SZ,20260413,11.76,12.95,11.76,12.5,1446684.89,1796199.259
300209.SZ,20260410,11.78,12.05,11.5,11.54,1046688.63,1221089.358
300209.SZ,20260409,12.13,12.5,11.42,11.9,1620074.0,1924694.074
300209.SZ,20260408,10.66,11.69,10.3,11.69,750310.98,856084.809
300209.SZ,20260407,9.6,10.1,9.05,9.74,785951.68,761518.019
300209.SZ,20260403,9.2,9.54,8.73,9.25,570554.48,513454.031
300209.SZ,20260402,10.29,10.38,9.26,9.37,891264.46,860716.645
300209.SZ,20260401,10.2,10.77,9.82,10.25,736279.1,761532.16
300209.SZ,20260331,11.5,11.53,9.99,10.0,1001307.68,1057186.483
300209.SZ,20260330,10.06,11.22,9.97,10.92,1095322.46,1178322.451
300209.SZ,20260327,10.32,11.11,10.17,10.21,940241.25,1005907.156
300209.SZ,20260326,10.58,10.67,9.8,10.18,690836.68,698850.266
300209.SZ,20260325,10.55,10.73,10.37,10.51,420829.49,443172.686
300209.SZ,20260324,10.69,10.77,10.02,10.52,653720.49,682874.574
300209.SZ,20260323,10.1,10.88,9.81,10.38,749049.01,773526.337
300209.SZ,20260320,11.2,11.35,10.17,10.39,754489.81,811368.811
300209.SZ,20260319,10.73,11.37,10.55,11.01,780054.31,864077.933
300209.SZ,20260318,10.57,11.5,9.76,11.01,1104915.85,1178172.501
300209.SZ,20260317,11.29,11.8,9.92,10.4,1342632.64,1412585.373
300209.SZ,20260316,9.59,11.14,9.17,11.14,1323244.43,1392352.128
300209.SZ,20260313,9.55,9.73,9.16,9.28,391655.74,366882.177
300209.SZ,20260312,9.21,9.54,9.05,9.36,330573.0,308857.799
300209.SZ,20260311,9.22,9.45,9.1,9.25,364761.0,336734.163
300209.SZ,20260310,8.85,9.48,8.83,9.22,461008.01,423460.944
300209.SZ,20260309,8.91,9.19,8.54,8.85,623426.0,549033.655
300209.SZ,20260306,7.86,8.86,7.86,8.71,735726.0,613482.346
300209.SZ,20260305,7.57,7.88,7.57,7.74,248379.0,191938.031
300209.SZ,20260304,6.98,7.53,6.96,7.49,356081.85,260316.645
300209.SZ,20260303,7.7,7.75,7.08,7.14,379034.0,279123.084
300209.SZ,20260302,7.93,8.04,7.73,7.75,329816.0,258483.784
300209.SZ,20260227,8.01,8.29,7.86,8.14,330619.0,267523.144
300209.SZ,20260226,8.1,8.21,7.82,7.96,335737.97,266298.33
300209.SZ,20260225,8.0,8.17,7.88,8.1,288780.0,231839.486
300209.SZ,20260224,7.79,8.08,7.65,8.02,462651.99,364851.296
300209.SZ,20260213,7.8,8.12,7.53,7.62,688592.0,538712.483
300209.SZ,20260212,7.99,8.0,7.64,7.68,392876.0,305006.044
300209.SZ,20260211,8.22,8.29,7.96,8.0,446161.25,358678.937
300209.SZ,20260210,8.43,8.55,8.13,8.29,750563.0,624150.71
300209.SZ,20260209,7.65,8.54,7.65,8.33,987509.79,810639.143
300209.SZ,20260206,7.19,7.53,7.03,7.37,845383.33,617564.407
300209.SZ,20260205,6.28,7.45,5.9,7.06,1281757.0,823113.504
300209.SZ,20260204,6.91,7.06,6.69,6.89,401124.0,274492.065
300209.SZ,20260203,6.9,7.25,6.84,7.17,305425.0,216759.407
300209.SZ,20260202,7.39,7.39,6.86,6.88,442641.0,311405.883
300209.SZ,20260130,7.22,7.65,7.05,7.56,498613.78,367165.084
300209.SZ,20260129,7.17,7.68,7.12,7.26,594827.0,439849.373
300209.SZ,20260128,7.04,7.26,6.84,7.12,500157.03,354842.432
300209.SZ,20260127,7.61,8.23,6.91,7.26,928832.57,690145.904
300209.SZ,20260126,6.42,7.27,6.42,7.23,912753.48,624453.28
300209.SZ,20260123,6.1,6.35,6.06,6.26,387813.86,242084.881
300209.SZ,20260122,5.88,6.17,5.82,6.12,453149.78,273354.416
300209.SZ,20260121,5.5,5.9,5.48,5.88,280421.48,160370.764
300209.SZ,20260120,5.62,5.66,5.49,5.54,141289.0,78329.794
300209.SZ,20260119,5.72,5.72,5.6,5.63,146649.0,83015.568
300209.SZ,20260116,5.67,5.88,5.56,5.77,205419.0,116914.632
300209.SZ,20260115,5.88,5.9,5.68,5.69,262975.01,151526.163
300209.SZ,20260114,5.69,6.03,5.65,5.99,480874.48,283713.128
300209.SZ,20260113,5.59,5.9,5.52,5.73,364617.0,208175.107
300209.SZ,20260112,5.6,5.62,5.54,5.61,226383.55,126326.362
300209.SZ,20260109,5.43,5.75,5.36,5.63,309675.45,170702.965
300209.SZ,20260108,5.43,5.51,5.4,5.49,108900.45,59601.601
300209.SZ,20260107,5.62,5.62,5.45,5.46,149324.0,82248.408
300209.SZ,20260106,5.55,5.64,5.51,5.62,125101.73,69844.322
300209.SZ,20260105,5.49,5.57,5.46,5.53,116906.12,64331.721
300209.SZ,20251231,5.49,5.51,5.39,5.45,102075.01,55742.305
300209.SZ,20251230,5.5,5.56,5.44,5.46,99473.0,54624.195
300209.SZ,20251229,5.65,5.67,5.52,5.52,138573.0,77167.587
300209.SZ,20251226,5.75,5.77,5.65,5.68,147622.76,83872.925
300209.SZ,20251225,5.71,5.86,5.68,5.79,160220.48,92640.308
300209.SZ,20251224,5.83,5.88,5.68,5.73,182694.48,104906.784
300209.SZ,20251223,5.74,5.84,5.61,5.8,233100.0,134332.024
300209.SZ,20251222,5.68,5.75,5.65,5.67,112646.0,64101.343
300209.SZ,20251219,5.68,5.84,5.61,5.71,166191.0,94743.147
300209.SZ,20251218,5.7,5.8,5.66,5.67,152069.0,87214.013
300209.SZ,20251217,5.9,5.95,5.6,5.74,222530.0,127445.24
300209.SZ,20251216,5.92,6.2,5.82,5.97,209066.28,125415.09
300209.SZ,20251215,5.96,6.22,5.91,5.93,222419.0,135006.212
300209.SZ,20251212,6.03,6.17,5.93,6.01,245206.0,148352.374
300209.SZ,20251211,5.9,6.29,5.78,6.15,429451.0,261085.832
300209.SZ,20251210,6.14,6.14,5.9,5.97,348264.28,208222.191
300209.SZ,20251209,5.56,6.48,5.52,6.19,638935.73,385668.787
300209.SZ,20251208,5.44,5.56,5.44,5.51,99384.0,54803.921
300209.SZ,20251205,5.37,5.52,5.32,5.44,111104.0,60427.662
300209.SZ,20251204,5.4,5.42,5.27,5.33,77383.43,41187.489
300209.SZ,20251203,5.56,5.58,5.38,5.4,105062.7,57015.213
300209.SZ,20251202,5.5,5.57,5.45,5.56,101219.0,55741.521
300209.SZ,20251201,5.5,5.58,5.49,5.53,77855.0,43078.069
300209.SZ,20251128,5.46,5.52,5.37,5.5,94107.0,51164.101
300209.SZ,20251127,5.46,5.6,5.43,5.47,105409.0,57954.006
300209.SZ,20251126,5.5,5.68,5.45,5.48,108076.0,60112.249
300209.SZ,20251125,5.52,5.58,5.47,5.49,99224.0,54808.021
300209.SZ,20251124,5.37,5.57,5.31,5.52,122280.48,66561.261
300209.SZ,20251121,5.51,5.65,5.33,5.35,137422.48,75022.734
300209.SZ,20251120,5.75,5.84,5.56,5.57,153768.01,87155.908
300209.SZ,20251119,5.7,6.06,5.67,5.83,298054.0,175135.561
300209.SZ,20251118,5.75,5.76,5.64,5.69,107537.94,61035.111
300209.SZ,20251117,5.76,5.79,5.66,5.78,166641.97,95203.171
300209.SZ,20251114,5.81,5.9,5.75,5.78,139887.0,81448.601
300209.SZ,20251113,5.87,5.87,5.8,5.84,109410.0,63822.931
300209.SZ,20251112,5.91,5.95,5.78,5.85,133942.0,78490.683
300209.SZ,20251111,5.9,5.92,5.82,5.89,123862.0,72603.96
300209.SZ,20251110,5.96,6.0,5.84,5.9,145770.09,85984.095
300209.SZ,20251107,6.01,6.1,5.92,5.92,155514.0,93004.505
300209.SZ,20251106,6.14,6.2,6.0,6.03,171691.0,104125.132
300209.SZ,20251105,6.1,6.2,6.08,6.17,115058.69,70785.156
300209.SZ,20251104,6.28,6.3,6.1,6.15,185737.0,114282.555
300209.SZ,20251103,6.28,6.34,6.13,6.28,230460.0,143984.803
300209.SZ,20251031,6.01,6.49,5.99,6.3,464970.92,295282.612
300209.SZ,20251030,6.2,6.27,6.02,6.02,210445.78,128467.241
300209.SZ,20251029,6.13,6.37,6.07,6.25,257434.0,159398.69
300209.SZ,20251028,6.12,6.23,6.06,6.16,169155.48,104017.317
300209.SZ,20251027,6.3,6.44,6.12,6.17,260782.48,162197.695
300209.SZ,20251024,5.9,6.24,5.88,6.1,301085.48,184154.771
300209.SZ,20251023,5.94,5.98,5.77,5.9,191258.08,112181.789
300209.SZ,20251022,6.1,6.13,5.86,5.95,262209.48,156932.41
300209.SZ,20251021,6.21,6.25,6.08,6.09,218233.85,134590.354
300209.SZ,20251020,6.17,6.35,6.09,6.2,213904.87,133033.433
300209.SZ,20251017,6.4,6.41,6.13,6.15,238995.6,148780.816
300209.SZ,20251016,6.52,6.63,6.34,6.36,329435.43,212497.324
300209.SZ,20251015,6.7,6.79,6.46,6.49,326713.0,214185.811
300209.SZ,20251014,7.0,7.09,6.57,6.61,507643.91,345499.472
300209.SZ,20251013,6.79,7.31,6.61,7.02,730718.3,514894.583
300209.SZ,20251010,6.76,6.94,6.5,6.83,604580.64,404530.96
300209.SZ,20251009,6.73,7.2,6.41,6.8,946109.94,637141.017
300209.SZ,20250930,6.24,6.9,5.97,6.62,913733.87,590933.258
300209.SZ,20250929,7.11,7.26,6.78,6.93,669731.25,464315.409
300209.SZ,20250926,6.33,7.44,6.26,7.0,897659.86,604592.79
300209.SZ,20250925,5.87,6.69,5.8,6.44,777978.87,494177.772
300209.SZ,20250924,5.85,5.92,5.77,5.86,241385.01,140845.44
300209.SZ,20250923,6.16,6.25,5.67,5.87,430380.72,251367.768
300209.SZ,20250922,6.35,6.39,6.04,6.13,524773.0,324480.25
300209.SZ,20250919,6.21,6.84,6.21,6.39,798714.99,517471.155
300209.SZ,20250918,6.45,6.48,6.06,6.1,622316.5,388918.846
300209.SZ,20250917,6.53,6.85,6.28,6.42,881968.59,571233.012
300209.SZ,20250916,6.43,6.92,6.03,6.54,1282377.79,823878.39
300209.SZ,20250915,5.1,6.13,5.09,6.13,1056462.92,604092.641
300209.SZ,20250912,5.2,5.23,5.09,5.11,255427.5,130899.308
300209.SZ,20250911,5.17,5.21,5.1,5.21,126251.0,65288.116
300209.SZ,20250910,5.13,5.23,5.12,5.18,113667.49,58938.038
300209.SZ,20250909,5.2,5.21,5.1,5.13,120505.02,61928.954
300209.SZ,20250908,5.21,5.28,5.16,5.21,126807.49,66132.241
300209.SZ,20250905,5.18,5.28,5.08,5.22,179221.0,92967.584
300209.SZ,20250904,5.24,5.31,5.1,5.18,216655.0,112986.213
300209.SZ,20250903,5.3,5.46,5.22,5.24,294177.55,157414.478
300209.SZ,20250902,5.24,5.5,5.15,5.31,364132.18,194409.003
300209.SZ,20250901,5.14,5.34,5.12,5.26,179637.34,94507.132
300209.SZ,20250829,5.22,5.23,5.1,5.11,147012.49,75575.855
300209.SZ,20250828,5.25,5.37,5.08,5.24,197363.0,103046.315
300209.SZ,20250827,5.36,5.45,5.19,5.2,200631.03,106767.82
300209.SZ,20250826,5.3,5.39,5.25,5.38,199036.0,106594.832
300209.SZ,20250825,5.3,5.34,5.26,5.29,140450.0,74352.614
300209.SZ,20250822,5.37,5.38,5.27,5.31,134225.0,71117.275
300209.SZ,20250821,5.37,5.42,5.32,5.37,181112.31,97250.915
300209.SZ,20250820,5.27,5.35,5.21,5.35,172584.82,91351.615
300209.SZ,20250819,5.17,5.28,5.15,5.27,154442.83,80814.632
300209.SZ,20250818,5.15,5.21,5.13,5.17,125843.0,65188.759
300209.SZ,20250815,5.12,5.16,5.07,5.16,97415.0,49889.335
300209.SZ,20250814,5.21,5.23,5.11,5.12,118156.0,60967.434
300209.SZ,20250813,5.25,5.27,5.2,5.21,97043.0,50602.838
300209.SZ,20250812,5.29,5.32,5.24,5.25,87054.19,45785.241
300209.SZ,20250811,5.25,5.34,5.24,5.29,98528.85,52200.747
300209.SZ,20250808,5.27,5.3,5.23,5.25,80442.85,42233.764
300209.SZ,20250807,5.29,5.42,5.27,5.29,99453.0,52873.711
300209.SZ,20250806,5.35,5.35,5.28,5.29,90750.0,48141.342
300209.SZ,20250805,5.41,5.46,5.34,5.35,112483.0,60555.873
300209.SZ,20250804,5.3,5.45,5.24,5.41,132448.17,70887.444
300209.SZ,20250801,5.34,5.37,5.24,5.33,104502.85,55377.143
300209.SZ,20250731,5.31,5.46,5.23,5.33,156223.84,83471.333
300209.SZ,20250730,5.29,5.36,5.24,5.3,117519.21,62241.224
300209.SZ,20250729,5.27,5.35,5.21,5.33,153251.21,80968.323
300209.SZ,20250728,5.25,5.3,5.2,5.28,109036.0,57333.939
300209.SZ,20250725,5.28,5.35,5.27,5.3,81454.0,43230.164
300209.SZ,20250724,5.2,5.28,5.18,5.27,85418.43,44882.74
300209.SZ,20250723,5.32,5.32,5.18,5.2,114476.0,59994.869
300209.SZ,20250722,5.37,5.38,5.28,5.29,129759.67,68914.656
300209.SZ,20250721,5.37,5.46,5.36,5.39,121934.0,65936.147
300209.SZ,20250718,5.46,5.46,5.38,5.39,84889.1,45893.694
300209.SZ,20250717,5.41,5.5,5.39,5.46,128090.38,69736.668
300209.SZ,20250716,5.38,5.45,5.37,5.41,88890.0,48139.33
300209.SZ,20250715,5.45,5.46,5.32,5.39,109619.0,58856.838
300209.SZ,20250714,5.52,5.54,5.4,5.46,104343.0,56807.953
300209.SZ,20250711,5.55,5.57,5.46,5.53,151605.0,83512.082
300209.SZ,20250710,5.45,5.68,5.44,5.58,206250.85,115317.779
300209.SZ,20250709,5.46,5.54,5.45,5.49,115669.0,63500.431
300209.SZ,20250708,5.39,5.5,5.37,5.48,136768.95,74557.453
300209.SZ,20250707,5.31,5.43,5.26,5.39,104295.0,56077.471
300209.SZ,20250704,5.35,5.38,5.3,5.3,101585.02,54136.246
300209.SZ,20250703,5.43,5.43,5.33,5.36,167204.31,89792.67
300209.SZ,20250702,5.28,5.57,5.23,5.48,261640.0,141481.307
300209.SZ,20250701,5.41,5.44,5.25,5.29,156317.0,83250.966
300209.SZ,20250630,5.35,5.44,5.31,5.42,150852.0,81138.289
300209.SZ,20250627,5.21,5.37,5.21,5.34,165036.0,87793.825
300209.SZ,20250626,5.27,5.37,5.23,5.24,145710.0,77154.849
300209.SZ,20250625,5.26,5.31,5.17,5.27,122547.0,64288.229
300209.SZ,20250624,5.18,5.28,5.16,5.23,89789.0,46992.148
300209.SZ,20250623,5.09,5.19,5.02,5.17,110035.03,56399.769
300209.SZ,20250620,5.21,5.24,5.09,5.09,111499.01,57403.14
300209.SZ,20250619,5.32,5.37,5.16,5.18,138398.89,72833.291
300209.SZ,20250618,5.4,5.46,5.33,5.34,110125.0,59135.384
300209.SZ,20250617,5.33,5.59,5.29,5.43,214680.0,116802.459
300209.SZ,20250616,5.3,5.4,5.29,5.35,96403.0,51543.313
300209.SZ,20250613,5.38,5.44,5.3,5.32,159408.0,85389.298
300209.SZ,20250612,5.5,5.53,5.42,5.42,144430.98,78863.605
300209.SZ,20250611,5.58,5.64,5.47,5.53,160209.89,88716.211
300209.SZ,20250610,5.61,5.69,5.44,5.52,215260.85,119600.003
300209.SZ,20250609,5.49,5.71,5.48,5.63,234096.76,131527.315
300209.SZ,20250606,5.58,5.62,5.46,5.49,144612.89,79773.653
300209.SZ,20250605,5.53,5.62,5.49,5.52,163489.0,90546.427
300209.SZ,20250604,5.51,5.63,5.47,5.58,143468.85,79917.968
300209.SZ,20250603,5.52,5.62,5.47,5.51,166036.0,91751.793
300209.SZ,20250530,5.78,5.78,5.56,5.58,208529.0,117598.09
300209.SZ,20250529,5.72,5.86,5.55,5.78,292367.82,166672.602
300209.SZ,20250528,5.85,6.01,5.72,5.73,420802.84,246986.081
300209.SZ,20250527,5.55,5.72,5.38,5.72,336533.17,188671.56
300209.SZ,20250526,5.45,5.73,5.44,5.58,215796.17,120225.823
300209.SZ,20250523,5.69,5.7,5.5,5.5,207513.0,115721.782
300209.SZ,20250522,5.75,5.87,5.56,5.59,244243.42,139361.065
300209.SZ,20250521,5.83,5.91,5.67,5.77,377035.0,217110.228
300209.SZ,20250520,5.83,6.09,5.62,5.94,513206.0,300875.07
300209.SZ,20250519,5.92,6.03,5.71,5.9,527377.0,307625.534
300209.SZ,20250516,6.3,6.46,6.11,6.12,667423.24,416297.427
300209.SZ,20250515,6.38,7.0,6.2,6.46,1019168.65,673789.252
300209.SZ,20250514,5.65,6.86,5.62,6.6,1147327.18,707594.497
300209.SZ,20250513,5.53,6.3,5.51,6.0,1014065.14,605028.668
300209.SZ,20250509,5.08,5.33,5.04,5.27,163155.0,84921.715
300209.SZ,20250508,5.06,5.18,4.99,5.13,111637.19,56957.38
300209.SZ,20250507,5.2,5.23,5.09,5.17,97633.0,50298.557
300209.SZ,20250506,5.15,5.2,5.03,5.17,137768.0,70176.187
300209.SZ,20250430,4.99,5.14,4.93,5.12,126145.19,63485.364
300209.SZ,20250429,4.96,5.0,4.83,4.91,122683.16,60138.716
300209.SZ,20250428,5.14,5.19,4.9,4.93,131705.01,66064.771
300209.SZ,20250425,5.03,5.26,5.03,5.1,113268.85,58333.831
300209.SZ,20250424,5.2,5.2,4.88,5.06,185791.86,93314.575
300209.SZ,20250423,5.31,5.35,5.18,5.28,112201.0,58924.693
300209.SZ,20250422,5.12,5.34,5.12,5.32,110515.0,57906.854
300209.SZ,20250421,5.08,5.22,5.05,5.16,105546.48,54149.539
300209.SZ,20250418,5.23,5.29,4.93,5.05,197203.67,100409.152
300209.SZ,20250417,5.27,5.5,5.18,5.21,178172.0,94848.902
300209.SZ,20250416,5.1,5.35,5.0,5.26,206831.39,107334.589
300209.SZ,20250415,4.79,5.08,4.77,5.07,146815.0,73002.716
300209.SZ,20250414,4.65,4.77,4.59,4.73,95610.0,44764.306
300209.SZ,20250411,4.46,4.67,4.41,4.57,81806.0,37423.713
300209.SZ,20250410,4.34,4.53,4.34,4.47,85257.0,37864.472
300209.SZ,20250409,4.11,4.43,3.89,4.28,92171.0,38246.04
300209.SZ,20250408,4.13,4.32,4.02,4.16,88799.0,37304.226
300209.SZ,20250407,4.52,4.77,3.96,4.0,147881.0,64698.121
300209.SZ,20250403,4.83,4.97,4.83,4.94,45840.49,22513.77
300209.SZ,20250402,4.96,4.98,4.82,4.88,62835.0,30761.897
300209.SZ,20250401,4.95,4.99,4.9,4.92,32119.0,15865.745
300209.SZ,20250331,5.02,5.09,4.92,4.96,50701.49,25348.853
300209.SZ,20250328,5.11,5.15,5.01,5.02,42109.0,21355.145
300209.SZ,20250327,5.06,5.17,5.05,5.11,57914.0,29616.299
300209.SZ,20250326,4.97,5.13,4.97,5.06,62931.0,31705.58
300209.SZ,20250325,5.03,5.1,4.91,5.02,67093.0,33570.213
300209.SZ,20250324,5.02,5.03,4.85,4.95,78368.19,38712.571
300209.SZ,20250321,5.25,5.25,5.04,5.06,65672.0,33557.241
300209.SZ,20250320,5.23,5.26,5.13,5.17,68297.49,35336.533
300209.SZ,20250319,5.22,5.38,5.19,5.23,49692.0,26140.658
300209.SZ,20250318,5.34,5.35,5.1,5.23,100006.01,52371.426
300209.SZ,20250317,5.1,5.5,5.1,5.34,173308.97,92653.15
300209.SZ,20250314,4.98,5.06,4.97,5.03,81188.43,40725.8
300209.SZ,20250313,5.06,5.06,4.93,5.01,100045.0,49885.683
300209.SZ,20250312,4.9,5.09,4.9,5.0,159606.0,79887.823
300209.SZ,20250311,4.79,4.87,4.75,4.84,59673.0,28718.766
300209.SZ,20250310,4.73,4.85,4.71,4.82,70012.0,33611.936
300209.SZ,20250307,4.7,4.79,4.67,4.73,58685.0,27747.592
300209.SZ,20250306,4.78,4.84,4.69,4.73,88700.0,42152.274
300209.SZ,20250305,4.81,4.89,4.66,4.72,84539.0,39935.598
300209.SZ,20250304,4.78,4.95,4.69,4.78,126726.19,61130.002
300209.SZ,20250303,4.49,5.15,4.49,4.87,245945.34,118678.583
300209.SZ,20250228,4.28,4.55,4.21,4.47,153043.0,67359.323
300209.SZ,20250227,4.28,4.42,4.25,4.34,97748.0,42432.185
300209.SZ,20250226,4.38,4.39,4.23,4.26,103940.0,44723.814
300209.SZ,20250225,4.41,4.42,4.33,4.36,71659.0,31290.826
300209.SZ,20250224,4.44,4.56,4.37,4.43,79386.0,35504.625
300209.SZ,20250221,4.53,4.53,4.4,4.41,93270.0,41362.286
300209.SZ,20250220,4.63,4.63,4.5,4.51,72895.56,33073.204
300209.SZ,20250219,4.56,4.63,4.49,4.6,72634.5,33151.377
300209.SZ,20250218,4.59,4.74,4.55,4.56,69899.43,32416.817
300209.SZ,20250217,4.6,4.62,4.49,4.59,74236.0,33800.232
300209.SZ,20250214,4.7,4.74,4.6,4.62,67674.0,31466.231
300209.SZ,20250213,4.81,4.81,4.69,4.7,77592.0,36589.214
300209.SZ,20250212,4.8,4.83,4.74,4.78,57206.0,27333.558
300209.SZ,20250211,4.83,4.86,4.73,4.78,62378.0,29721.426
300209.SZ,20250210,4.7,4.85,4.68,4.83,113733.0,54450.703
300209.SZ,20250207,4.7,4.8,4.62,4.68,90774.49,42749.107
300209.SZ,20250206,4.62,4.68,4.57,4.68,78510.6,36270.336
300209.SZ,20250205,4.6,4.66,4.45,4.62,44765.85,20487.031
300209.SZ,20250127,4.62,4.72,4.57,4.58,63899.07,29689.244
300209.SZ,20250124,4.6,4.7,4.56,4.62,69548.0,32100.511
300209.SZ,20250123,4.78,4.87,4.52,4.6,74195.0,35117.893
300209.SZ,20250122,4.97,4.97,4.74,4.74,88891.78,42705.196
300209.SZ,20250121,4.8,5.12,4.75,4.93,98152.0,48729.885
300209.SZ,20250120,4.86,4.9,4.7,4.75,49423.0,23576.692
300209.SZ,20250117,4.76,4.86,4.76,4.8,54457.09,26129.812
300209.SZ,20250116,4.92,5.03,4.85,4.86,67179.0,33071.278
300209.SZ,20250115,5.06,5.07,4.93,4.96,57798.0,28758.585
300209.SZ,20250114,4.89,5.07,4.87,5.06,65243.49,32572.506
300209.SZ,20250113,4.98,4.98,4.81,4.86,55185.0,26872.961
300209.SZ,20250110,5.0,5.12,4.91,5.03,62422.49,31433.323
300209.SZ,20250109,4.86,5.1,4.77,4.99,56533.92,28233.978
300209.SZ,20250108,4.92,4.93,4.76,4.83,62251.0,30069.144
300209.SZ,20250107,4.89,4.99,4.83,4.95,45767.31,22452.897
300209.SZ,20250106,5.03,5.1,4.82,4.84,83571.73,41327.123
300209.SZ,20250103,5.38,5.38,5.01,5.1,84891.7,43654.547
300209.SZ,20250102,5.47,5.5,5.26,5.3,70941.0,38058.928
300209.SZ,20241231,5.53,5.71,5.33,5.41,74272.0,40904.361
300209.SZ,20241230,5.66,5.66,5.5,5.53,81128.53,45197.044
300209.SZ,20241227,5.51,5.84,5.5,5.72,111529.0,63699.44
300209.SZ,20241226,5.45,5.55,5.28,5.52,89701.01,48680.474
300209.SZ,20241225,5.67,5.75,5.35,5.35,141226.97,77167.101
300209.SZ,20241224,5.53,5.95,5.53,5.65,199002.52,113620.037
300209.SZ,20241223,6.2,6.5,5.65,5.67,417345.41,255466.283
300209.SZ,20241220,5.75,5.75,5.75,5.75,7134.0,4102.05
300209.SZ,20241218,6.2,6.48,6.18,6.29,294557.93,186720.509
300209.SZ,20241217,5.86,6.49,5.76,6.29,288696.49,174063.48
300209.SZ,20241216,6.08,6.18,5.8,5.92,190486.0,113125.416
300209.SZ,20241213,5.92,6.09,5.9,6.06,140081.0,84211.007
300209.SZ,20241212,5.94,6.0,5.83,5.92,61791.0,36489.815
300209.SZ,20241211,5.88,5.98,5.81,5.94,71954.7,42482.528
300209.SZ,20241210,6.19,6.23,5.85,5.91,161559.79,96465.88
300209.SZ,20241209,6.49,6.49,6.07,6.1,129317.09,80590.099
300209.SZ,20241206,6.27,6.41,6.14,6.2,121712.3,75990.327
300209.SZ,20241205,6.0,6.18,5.98,6.04,77587.38,46954.942
300209.SZ,20241204,6.11,6.18,5.9,5.98,124108.44,74713.871
300209.SZ,20241203,6.01,6.5,5.97,6.19,199368.74,124291.758
300209.SZ,20241202,5.87,5.99,5.77,5.88,114363.0,67027.219
300209.SZ,20241129,5.62,5.96,5.58,5.85,105392.0,60855.993
300209.SZ,20241128,5.55,5.8,5.55,5.63,96169.0,54611.434
300209.SZ,20241127,5.56,5.67,5.17,5.54,143596.43,77218.671
300209.SZ,20241126,5.93,5.96,5.65,5.67,104889.0,60745.535
300209.SZ,20241125,6.09,6.1,5.75,5.88,176853.0,103851.284
300209.SZ,20241122,6.15,6.43,5.96,6.09,177724.0,109830.077
300209.SZ,20241121,5.87,5.94,5.79,5.84,96100.43,56313.982
300209.SZ,20241120,5.74,6.17,5.73,5.93,153387.52,91413.027
300209.SZ,20241119,5.93,6.04,5.66,5.74,189361.55,110102.665
300209.SZ,20241118,6.4,6.73,6.0,6.04,244113.28,152936.383
300209.SZ,20241115,6.32,6.78,5.42,6.26,313492.78,194178.443
300209.SZ,20241114,7.01,7.09,6.1,6.41,374192.59,250836.971
300209.SZ,20241113,5.9,7.14,5.9,6.76,391017.97,254110.932
300209.SZ,20241112,6.03,6.25,5.83,6.0,194247.43,116874.222
300209.SZ,20241111,5.4,5.99,5.4,5.94,261401.17,149568.256
300209.SZ,20241108,5.0,5.5,4.99,5.26,168963.55,87147.5
300209.SZ,20241107,5.03,5.18,4.96,5.03,154060.23,77386.894
300209.SZ,20241106,5.06,5.24,5.06,5.08,143200.09,73588.413
300209.SZ,20241105,5.61,5.67,5.05,5.21,316059.21,168515.076
300209.SZ,20241104,5.1,5.24,4.94,5.22,93128.58,47750.46
300209.SZ,20241101,5.19,5.43,5.05,5.09,171360.08,89377.105
300209.SZ,20241031,5.37,5.37,4.96,5.2,162189.74,83738.088
300209.SZ,20241030,5.16,5.44,5.15,5.2,138118.67,72393.293
300209.SZ,20241029,4.99,5.75,4.95,5.13,248940.07,132214.441
300209.SZ,20241028,4.83,4.99,4.83,4.92,113439.87,55691.853
300209.SZ,20241025,4.77,4.93,4.7,4.81,126846.19,60909.542
300209.SZ,20241024,4.56,4.97,4.49,4.78,182390.08,86601.128
300209.SZ,20241023,4.55,5.01,4.37,4.61,220013.43,104142.79
300209.SZ,20241022,4.04,4.84,3.93,4.64,281978.67,125854.009
300209.SZ,20241021,4.03,4.04,3.92,4.03,99236.6,39416.605
300209.SZ,20241018,3.91,4.05,3.9,4.03,111367.43,44373.217
300209.SZ,20241017,4.06,4.06,3.92,3.95,90440.0,36061.491
300209.SZ,20241016,3.99,4.16,3.9,4.01,92855.55,37401.66
300209.SZ,20241015,3.98,4.09,3.95,3.98,72350.09,28957.842
300209.SZ,20241014,4.1,4.18,3.9,3.99,117401.7,46664.267
300209.SZ,20241011,4.15,4.3,4.06,4.1,126731.0,53224.713
300209.SZ,20241010,4.08,4.18,3.94,4.17,146549.06,59585.122
300209.SZ,20241009,4.27,4.27,3.92,3.98,231056.09,95565.09
300209.SZ,20241008,4.99,4.99,4.3,4.46,358453.95,162622.731
300209.SZ,20240930,3.85,4.45,3.72,4.24,280034.76,115167.122
300209.SZ,20240927,3.97,4.04,3.55,3.92,206284.6,78957.125
300209.SZ,20240926,4.01,4.16,3.93,3.95,116333.0,46791.339
300209.SZ,20240925,4.0,4.22,3.92,4.04,110315.0,44855.378
300209.SZ,20240924,3.83,4.08,3.73,4.02,139791.2,55545.729
300209.SZ,20240923,4.0,4.01,3.67,3.87,142063.0,54567.869
300209.SZ,20240920,4.26,4.31,3.89,3.92,219134.26,88960.199
300209.SZ,20240919,3.49,4.06,3.44,4.06,242941.07,93043.856
300209.SZ,20240918,3.5,3.5,3.22,3.38,192194.26,64321.807
300209.SZ,20240913,3.94,3.98,3.44,3.56,248551.46,90938.426
300209.SZ,20240912,4.18,4.3,3.81,3.88,226683.93,90148.381
300209.SZ,20240911,4.54,4.54,4.03,4.22,145447.0,63169.554
300209.SZ,20240910,4.48,4.62,4.35,4.48,127670.0,57182.624
300209.SZ,20240909,4.53,4.6,4.23,4.48,171678.0,76015.813
300209.SZ,20240906,4.23,4.78,4.23,4.48,250795.0,113398.414
300209.SZ,20240905,3.82,4.15,3.8,4.15,169067.13,67390.611
300209.SZ,20240904,3.7,3.98,3.7,3.83,154115.6,59317.095
300209.SZ,20240903,4.05,4.22,3.71,3.92,246402.58,98225.914
300209.SZ,20240902,3.66,3.99,3.65,3.92,256613.01,99522.975
300209.SZ,20240830,3.44,3.48,3.33,3.41,102222.19,34761.195
300209.SZ,20240829,3.34,3.41,3.26,3.41,70003.19,23395.172
300209.SZ,20240828,3.3,3.43,3.3,3.35,87739.2,29536.458
300209.SZ,20240827,3.42,3.49,3.33,3.34,89954.74,30446.551
300209.SZ,20240826,3.2,3.43,3.2,3.38,108027.19,36259.024
300209.SZ,20240823,3.32,3.35,3.14,3.19,95621.48,30734.631
300209.SZ,20240822,3.22,3.48,3.22,3.31,106742.63,35555.714
300209.SZ,20240821,3.09,3.56,3.09,3.33,150227.49,49578.926
300209.SZ,20240820,3.06,3.13,3.05,3.08,56991.0,17618.465
300209.SZ,20240819,2.94,3.05,2.93,3.03,44969.0,13492.578
300209.SZ,20240816,2.94,3.1,2.94,2.98,62133.0,18664.236
300209.SZ,20240815,2.98,3.0,2.87,2.92,63305.13,18493.753
300209.SZ,20240814,2.96,2.98,2.91,2.96,29581.13,8723.215
300209.SZ,20240813,3.02,3.04,2.94,2.96,53193.0,15831.147
300209.SZ,20240812,2.88,2.96,2.76,2.95,72574.0,21047.229
300209.SZ,20240809,2.9,3.01,2.87,2.87,93688.0,27593.603
300209.SZ,20240808,2.82,2.93,2.82,2.92,93456.01,26987.416
300209.SZ,20240807,2.75,2.83,2.64,2.82,79693.0,22072.003
300209.SZ,20240806,2.78,2.95,2.7,2.72,119376.01,33723.505
300209.SZ,20240805,2.7,2.96,2.65,2.79,164731.0,47076.294
300209.SZ,20240802,2.64,2.86,2.54,2.7,100597.88,27117.17
300209.SZ,20240801,2.52,2.67,2.52,2.64,77534.46,20068.62
300209.SZ,20240731,2.51,2.66,2.5,2.52,71092.0,18183.249
300209.SZ,20240730,2.43,2.47,2.4,2.47,51577.05,12606.987
300209.SZ,20240729,2.33,2.46,2.33,2.42,40026.0,9655.278
300209.SZ,20240726,2.39,2.43,2.37,2.4,37011.0,8872.441
300209.SZ,20240725,2.42,2.45,2.39,2.41,45244.0,10937.51
300209.SZ,20240724,2.37,2.48,2.36,2.39,51494.0,12404.376
300209.SZ,20240723,2.39,2.54,2.39,2.42,77954.0,19256.701
300209.SZ,20240722,2.33,2.48,2.3,2.42,78985.0,19149.407
300209.SZ,20240719,2.38,2.42,2.3,2.33,54738.0,12823.846
300209.SZ,20240718,2.31,2.48,2.28,2.38,81263.97,19473.543
300209.SZ,20240717,2.31,2.35,2.29,2.31,32343.0,7486.5
300209.SZ,20240716,2.34,2.37,2.28,2.33,53136.0,12311.204
300209.SZ,20240715,2.45,2.5,2.3,2.32,116915.49,27451.916
300209.SZ,20240712,2.33,2.76,2.33,2.56,126897.47,32480.411
300209.SZ,20240711,2.25,2.32,2.25,2.32,47420.03,10864.557
300209.SZ,20240710,2.31,2.31,2.2,2.25,45841.01,10272.075
300209.SZ,20240709,2.28,2.36,2.24,2.31,46791.0,10713.89
300209.SZ,20240708,2.26,2.41,2.2,2.31,72735.0,16868.042
300209.SZ,20240705,2.19,2.28,2.19,2.24,36909.0,8254.339
300209.SZ,20240704,2.3,2.3,2.21,2.23,61067.56,13702.216
300209.SZ,20240703,2.24,2.36,2.19,2.3,81225.49,18665.87
300209.SZ,20240702,2.24,2.28,2.22,2.24,43439.49,9775.977
300209.SZ,20240701,2.23,2.3,2.23,2.28,43269.49,9763.676
300209.SZ,20240628,2.22,2.31,2.18,2.22,74112.27,16606.422
300209.SZ,20240627,2.16,2.37,2.1,2.22,109394.4,24463.063
300209.SZ,20240626,2.0,2.21,1.95,2.15,80331.4,16778.411
300209.SZ,20240625,2.11,2.21,2.01,2.04,61820.0,12954.462
300209.SZ,20240624,2.3,2.33,2.08,2.16,105819.31,23194.844
300209.SZ,20240621,1.92,2.34,1.87,2.34,146191.35,32177.181
300209.SZ,20240620,2.07,2.1,1.93,1.95,62880.41,12618.79
300209.SZ,20240619,2.12,2.13,2.1,2.1,25604.0,5414.429
300209.SZ,20240618,2.15,2.15,2.1,2.14,30801.0,6517.528
300209.SZ,20240617,2.14,2.19,2.1,2.15,31063.4,6657.179
300209.SZ,20240614,2.16,2.17,2.06,2.13,36502.55,7732.106
300209.SZ,20240613,2.22,2.22,2.14,2.16,43899.0,9577.704
300209.SZ,20240612,2.16,2.26,2.16,2.22,59853.24,13201.394
300209.SZ,20240611,2.18,2.27,2.11,2.19,61183.19,13394.9
300209.SZ,20240607,2.18,2.26,2.16,2.21,75445.71,16672.765
300209.SZ,20240606,2.28,2.31,2.06,2.1,113706.48,24454.189
300209.SZ,20240605,2.35,2.43,2.3,2.32,61037.48,14356.224
300209.SZ,20240604,2.26,2.4,2.13,2.3,86574.04,19722.736
300209.SZ,20240603,2.59,2.59,2.13,2.3,128727.34,30247.896
300209.SZ,20240531,2.55,2.64,2.51,2.6,29994.0,7817.153
300209.SZ,20240530,2.58,2.65,2.54,2.56,41243.55,10665.555
300209.SZ,20240529,2.66,2.67,2.6,2.61,53939.01,14198.791
300209.SZ,20240528,2.7,2.7,2.64,2.68,69694.18,18587.936
300209.SZ,20240527,2.73,2.8,2.68,2.75,113311.76,31001.293
300209.SZ,20240524,2.7,2.7,2.58,2.62,57850.05,15261.769
300209.SZ,20240523,2.61,2.65,2.56,2.6,60844.0,15773.315
300209.SZ,20240522,2.65,2.77,2.59,2.67,87003.01,23527.431
300209.SZ,20240521,2.59,2.63,2.55,2.56,84910.86,21924.889
300209.SZ,20240520,2.79,2.79,2.66,2.69,89048.76,24283.203
300209.SZ,20240517,2.86,2.9,2.74,2.79,103386.5,28748.436
300209.SZ,20240516,2.82,2.92,2.73,2.85,129737.01,36485.882
300209.SZ,20240515,2.74,2.88,2.71,2.77,112793.49,31476.676
300209.SZ,20240514,2.71,2.85,2.6,2.76,149161.49,40909.688
300209.SZ,20240513,2.46,2.83,2.42,2.75,174934.36,47121.758
300209.SZ,20240510,2.5,2.55,2.38,2.42,83574.38,20429.769
300209.SZ,20240509,2.5,2.64,2.49,2.55,65356.79,16847.25
300209.SZ,20240508,2.66,2.67,2.46,2.51,102524.43,26188.732
300209.SZ,20240507,2.7,2.72,2.6,2.68,92196.24,24371.013
300209.SZ,20240506,2.62,2.77,2.55,2.7,140676.88,37341.397
300209.SZ,20240430,2.63,2.9,2.62,2.78,238477.89,66035.574
300209.SZ,20240429,2.35,2.62,2.35,2.62,178673.18,44392.408
300209.SZ,20240425,2.15,2.31,2.14,2.18,99616.13,22063.521
300209.SZ,20240424,2.02,2.13,2.01,2.12,84891.38,17744.505
300209.SZ,20240423,2.02,2.07,2.0,2.04,69084.73,14091.207
300209.SZ,20240422,2.05,2.13,1.97,2.0,117251.73,23873.725
300209.SZ,20240419,2.25,2.26,2.14,2.2,72339.73,15797.582
300209.SZ,20240418,2.09,2.28,2.03,2.21,115008.0,24819.616
300209.SZ,20240417,2.02,2.13,2.0,2.09,91648.85,19030.703
300209.SZ,20240416,2.1,2.19,1.9,1.91,101862.0,20919.254
300209.SZ,20240415,2.2,2.31,2.06,2.19,141427.28,31086.695
300209.SZ,20240412,2.32,2.49,2.32,2.43,100838.7,24281.514
300209.SZ,20240411,2.29,2.4,2.24,2.31,75465.7,17650.184
300209.SZ,20240410,2.48,2.48,2.26,2.3,121770.28,28345.602
300209.SZ,20240409,2.45,2.51,2.42,2.48,80943.97,19955.25
300209.SZ,20240408,2.71,2.73,2.43,2.44,130976.85,34075.48
300209.SZ,20240403,2.79,2.81,2.74,2.75,86515.0,23858.437
300209.SZ,20240402,2.75,2.94,2.73,2.84,132794.49,37964.293
300209.SZ,20240401,2.74,2.77,2.71,2.76,83845.97,22992.911
300209.SZ,20240329,2.74,2.79,2.68,2.75,86437.2,23535.076
300209.SZ,20240328,2.77,2.79,2.67,2.75,126817.2,34798.008
300209.SZ,20240327,3.0,3.01,2.76,2.77,195626.0,56172.159
300209.SZ,20240326,2.92,3.07,2.87,3.03,184734.22,55341.292
300209.SZ,20240325,2.9,2.96,2.86,2.92,104382.73,30367.766
300209.SZ,20240322,2.87,3.0,2.83,2.93,153131.03,44588.063
300209.SZ,20240321,3.05,3.06,2.87,2.9,187897.87,55460.899
300209.SZ,20240320,2.98,3.08,2.88,3.07,173559.67,51815.552
300209.SZ,20240319,3.1,3.19,3.03,3.04,171458.67,53097.578
300209.SZ,20240318,3.17,3.22,3.01,3.15,227602.0,70784.689
300209.SZ,20240315,3.27,3.31,3.12,3.17,250683.66,79742.401
300209.SZ,20240314,3.36,3.57,3.24,3.33,337473.25,114819.11
300209.SZ,20240313,3.26,3.4,3.23,3.24,164006.0,53922.373
300209.SZ,20240312,3.26,3.46,3.22,3.32,239637.87,79531.404
300209.SZ,20240311,3.23,3.35,3.17,3.32,213139.77,69702.35
300209.SZ,20240308,3.3,3.48,3.16,3.16,254442.0,84528.523
300209.SZ,20240307,3.31,3.39,3.21,3.3,289583.48,95075.191
300209.SZ,20240306,3.04,3.55,2.99,3.4,328421.36,107392.727
300209.SZ,20240305,3.08,3.15,2.95,3.05,215777.2,65910.844
300209.SZ,20240304,3.1,3.21,3.07,3.13,228857.27,72113.273
300209.SZ,20240301,3.23,3.27,3.08,3.13,286317.82,90500.28
300209.SZ,20240229,2.87,3.14,2.84,3.13,366925.98,111233.182
300209.SZ,20240228,3.03,3.2,2.86,2.86,449987.58,135313.481
300209.SZ,20240227,2.9,3.28,2.9,3.23,512658.78,159955.421
300209.SZ,20240226,2.71,3.18,2.61,2.98,627651.43,185683.071
300209.SZ,20240223,2.55,2.71,2.51,2.71,526776.13,138106.565
300209.SZ,20240222,2.26,2.26,2.26,2.26,49655.0,11222.03
300209.SZ,20240221,1.88,1.88,1.88,1.88,24763.86,4655.606
300209.SZ,20240220,1.48,1.57,1.45,1.57,104049.0,15892.99
300209.SZ,20240219,1.35,1.51,1.35,1.49,96189.96,14023.637
300209.SZ,20240208,1.39,1.46,1.15,1.44,114953.01,15407.416
300209.SZ,20240207,1.46,1.58,1.39,1.41,95379.4,13899.961
300209.SZ,20240206,1.39,1.49,1.32,1.44,90741.76,12838.704
300209.SZ,20240205,1.62,1.71,1.41,1.46,110238.0,16709.859
300209.SZ,20240202,1.73,1.81,1.62,1.67,96460.85,16464.322
300209.SZ,20240201,1.68,1.8,1.66,1.74,90449.0,15596.768
300209.SZ,20240131,1.88,1.93,1.71,1.72,133806.0,24267.508
300209.SZ,20240130,2.07,2.07,1.81,1.87,187971.96,36186.801
300209.SZ,20240129,2.46,2.47,2.07,2.14,118969.0,26844.903
300209.SZ,20240126,2.48,2.54,2.48,2.48,46034.0,11499.203
300209.SZ,20240125,2.5,2.52,2.44,2.5,73152.49,18069.111
300209.SZ,20240124,2.44,2.63,2.42,2.52,83811.19,21171.288
300209.SZ,20240123,2.4,2.44,2.37,2.43,43037.19,10350.278
300209.SZ,20240122,2.49,2.53,2.39,2.42,49983.49,12255.206
300209.SZ,20240119,2.58,2.58,2.48,2.52,42582.0,10769.507
300209.SZ,20240118,2.61,2.7,2.51,2.6,80628.4,20856.553
300209.SZ,20240117,2.61,2.74,2.6,2.68,69362.02,18670.741
300209.SZ,20240116,2.58,2.65,2.55,2.63,32821.0,8558.706
300209.SZ,20240115,2.58,2.63,2.56,2.59,23256.0,6027.929
300209.SZ,20240112,2.65,2.66,2.59,2.61,27945.0,7319.892
300209.SZ,20240111,2.58,2.66,2.58,2.65,28016.0,7399.887
300209.SZ,20240110,2.64,2.64,2.55,2.59,22515.0,5845.085
300209.SZ,20240109,2.61,2.66,2.61,2.61,27539.95,7241.853
300209.SZ,20240108,2.67,2.67,2.59,2.61,33739.0,8844.823
300209.SZ,20240105,2.81,2.83,2.66,2.67,62305.0,17031.802
300209.SZ,20240104,2.84,2.86,2.8,2.81,39746.0,11257.092
300209.SZ,20240103,2.8,2.91,2.78,2.85,75194.44,21484.589
300209.SZ,20240102,2.81,2.81,2.76,2.79,50367.0,14027.367
300209.SZ,20231229,2.78,2.83,2.72,2.8,86699.07,24083.376
300209.SZ,20231228,2.83,3.0,2.8,2.84,131914.0,38297.861
300209.SZ,20231227,2.69,2.92,2.67,2.82,110218.44,31069.782
300209.SZ,20231226,2.69,2.71,2.64,2.71,39123.0,10467.278
300209.SZ,20231225,2.61,2.7,2.56,2.69,53010.0,13983.083
300209.SZ,20231222,2.62,2.65,2.57,2.61,46474.0,12127.483
300209.SZ,20231221,2.57,2.65,2.54,2.63,44413.0,11510.382
300209.SZ,20231220,2.59,2.62,2.58,2.6,44648.14,11627.491
300209.SZ,20231219,2.51,2.6,2.48,2.59,79476.44,20323.831
300209.SZ,20231218,2.59,2.59,2.46,2.51,83506.42,20958.756
300209.SZ,20231215,2.68,2.68,2.58,2.61,85376.42,22440.363
300209.SZ,20231214,2.79,2.83,2.66,2.68,123053.97,33405.368
300209.SZ,20231213,2.83,2.87,2.79,2.79,48702.0,13696.368
300209.SZ,20231212,2.77,2.88,2.77,2.82,54262.98,15230.325
300209.SZ,20231211,2.9,2.9,2.69,2.8,159028.88,44304.13
300209.SZ,20231208,2.92,3.06,2.91,2.98,114250.0,34292.584
300209.SZ,20231207,2.95,2.99,2.91,2.93,50086.0,14691.455
300209.SZ,20231206,2.9,2.98,2.9,2.94,60045.15,17663.669
300209.SZ,20231205,2.91,2.94,2.9,2.92,53772.0,15686.081
300209.SZ,20231204,3.0,3.01,2.91,2.92,114802.0,33909.373
300209.SZ,20231201,2.97,3.02,2.96,3.02,61472.0,18417.342
300209.SZ,20231130,2.98,3.0,2.95,2.97,40032.0,11920.313
300209.SZ,20231129,3.06,3.06,2.96,2.99,97614.77,29292.546
300209.SZ,20231128,3.04,3.08,3.02,3.06,48991.34,14938.582
300209.SZ,20231127,3.02,3.07,3.02,3.05,71638.0,21783.258
300209.SZ,20231124,3.14,3.17,3.02,3.02,131713.61,40493.881
300209.SZ,20231123,3.14,3.2,3.11,3.15,105614.71,33289.269
300209.SZ,20231122,3.12,3.17,3.11,3.15,68476.31,21529.248
300209.SZ,20231121,3.23,3.24,3.13,3.14,127456.31,40349.108
300209.SZ,20231120,3.26,3.3,3.2,3.23,97067.0,31374.075
300209.SZ,20231117,3.19,3.3,3.15,3.29,126392.0,41196.243
300209.SZ,20231116,3.18,3.37,3.17,3.2,150224.9,48829.585
300209.SZ,20231115,3.15,3.2,3.13,3.16,70009.0,22095.638
300209.SZ,20231114,3.1,3.17,3.07,3.16,94523.09,29604.395
300209.SZ,20231113,3.11,3.16,3.09,3.11,81376.0,25375.744
300209.SZ,20231110,3.11,3.15,3.08,3.14,74801.97,23307.411
300209.SZ,20231109,3.13,3.21,3.09,3.11,113772.5,35764.2
300209.SZ,20231108,3.16,3.22,3.13,3.14,125693.97,39830.954
300209.SZ,20231107,3.13,3.18,3.12,3.16,106752.22,33555.569
300209.SZ,20231106,3.09,3.17,3.06,3.16,113608.32,35568.491
300209.SZ,20231103,3.1,3.16,3.05,3.09,112333.15,34758.266
300209.SZ,20231102,3.09,3.2,3.07,3.1,136630.0,42952.959
300209.SZ,20231101,3.1,3.13,3.04,3.09,102573.0,31696.889
300209.SZ,20231031,2.99,3.13,2.98,3.12,155495.81,47745.449
300209.SZ,20231030,2.96,3.04,2.94,2.99,100034.0,30067.084
300209.SZ,20231027,2.95,2.98,2.92,2.97,73812.37,21822.044
300209.SZ,20231026,2.94,2.97,2.9,2.94,84651.49,24804.811
300209.SZ,20231025,2.96,3.09,2.94,3.0,93607.49,28189.436
300209.SZ,20231024,2.9,2.98,2.9,2.96,55516.0,16383.451
300209.SZ,20231023,3.05,3.05,2.87,2.9,100425.76,29643.557
300209.SZ,20231020,2.98,3.12,2.94,3.05,102686.01,31380.125
300209.SZ,20231019,3.13,3.14,2.98,3.0,114450.0,34662.098
300209.SZ,20231018,3.22,3.24,3.1,3.14,156672.62,49477.508
300209.SZ,20231017,3.24,3.5,3.23,3.29,242715.99,80853.098
300209.SZ,20231016,3.08,3.48,3.01,3.33,303812.74,98934.434
300209.SZ,20231013,2.99,3.15,2.98,3.07,112780.49,34563.304
300209.SZ,20231012,3.04,3.07,2.99,3.02,67152.0,20281.743
300209.SZ,20231011,2.96,3.09,2.94,3.05,123092.46,37154.572
300209.SZ,20231010,2.94,2.97,2.92,2.95,45366.25,13377.966
300209.SZ,20231009,2.97,2.97,2.9,2.96,58546.61,17177.933
300209.SZ,20230928,2.96,3.01,2.93,2.97,56254.85,16717.173
300209.SZ,20230927,3.03,3.04,2.94,2.94,73453.0,21824.016
300209.SZ,20230926,2.95,3.03,2.94,3.02,81279.0,24267.966
300209.SZ,20230925,3.0,3.02,2.92,2.95,117056.7,34691.059
300209.SZ,20230922,3.01,3.17,3.01,3.07,111072.0,34315.884
300209.SZ,20230921,3.1,3.15,3.01,3.05,114347.0,34999.152
300209.SZ,20230920,3.13,3.22,3.1,3.14,127625.0,40212.224
300209.SZ,20230919,3.0,3.18,2.98,3.16,149571.0,46292.48
300209.SZ,20230918,3.01,3.11,2.98,3.04,95688.0,29090.667
300209.SZ,20230915,2.94,3.08,2.9,3.04,104576.01,31209.234
300209.SZ,20230914,2.89,2.97,2.88,2.93,61652.0,18023.906
300209.SZ,20230913,2.96,2.99,2.86,2.91,66028.0,19377.589
300209.SZ,20230912,2.99,3.0,2.95,2.97,58001.0,17211.381
300209.SZ,20230911,3.06,3.07,2.95,3.01,71738.24,21415.2
300209.SZ,20230908,3.0,3.09,2.96,3.04,75407.02,22743.72
300209.SZ,20230907,3.06,3.14,3.01,3.02,113536.56,34631.324
300209.SZ,20230906,3.02,3.29,3.01,3.15,164811.26,52127.992
300209.SZ,20230905,3.05,3.05,2.99,3.01,77031.0,23158.94
300209.SZ,20230904,3.04,3.11,2.98,3.07,92101.0,27974.48
300209.SZ,20230901,2.92,3.04,2.88,3.03,120968.0,35971.288
300209.SZ,20230831,2.99,2.99,2.9,2.91,80248.0,23536.726
300209.SZ,20230830,2.91,3.04,2.9,2.99,102442.0,30372.137
300209.SZ,20230829,2.83,2.94,2.75,2.94,114620.57,33020.849
300209.SZ,20230828,3.07,3.13,2.85,2.85,129845.85,38590.683
300209.SZ,20230825,3.01,3.06,2.92,2.96,152859.52,45190.799
300209.SZ,20230824,3.21,3.23,3.04,3.07,198030.55,61655.412
300209.SZ,20230823,3.15,3.38,3.13,3.29,222080.02,72153.406
300209.SZ,20230822,3.33,3.4,3.09,3.16,263929.01,84731.945
300209.SZ,20230821,3.42,3.75,3.33,3.34,289364.72,101735.354
300209.SZ,20230818,3.41,3.81,3.4,3.54,375147.23,136159.927
300209.SZ,20230817,3.34,3.8,3.21,3.55,435302.89,153199.459
300209.SZ,20230816,2.98,3.6,2.96,3.51,501578.09,169282.004
300209.SZ,20230815,2.88,3.08,2.84,3.0,151306.0,45066.262
300209.SZ,20230814,2.82,2.87,2.79,2.87,40018.0,11324.0
300209.SZ,20230811,2.93,2.95,2.84,2.85,48554.0,14018.211
300209.SZ,20230810,2.88,2.96,2.85,2.93,57680.61,16810.008
300209.SZ,20230809,2.9,2.9,2.84,2.86,24681.0,7074.483
300209.SZ,20230808,2.89,2.91,2.86,2.89,23969.0,6909.632
300209.SZ,20230807,2.92,2.93,2.87,2.89,33582.0,9691.63
300209.SZ,20230804,2.91,2.94,2.91,2.92,38361.7,11213.467
300209.SZ,20230803,2.94,2.96,2.88,2.92,34546.0,10079.382
300209.SZ,20230802,2.93,2.98,2.92,2.95,48764.0,14371.647
300209.SZ,20230801,2.89,2.96,2.88,2.94,66941.64,19632.847
300209.SZ,20230731,2.83,2.91,2.82,2.9,61832.61,17712.284
300209.SZ,20230728,2.83,2.84,2.78,2.83,30595.98,8589.087
300209.SZ,20230727,2.84,2.88,2.82,2.84,32010.0,9120.86
300209.SZ,20230726,2.83,2.85,2.8,2.83,23752.0,6710.113
300209.SZ,20230725,2.82,2.86,2.81,2.84,28714.5,8139.059
300209.SZ,20230724,2.86,2.87,2.78,2.81,50002.0,14076.436
300209.SZ,20230721,2.9,2.94,2.83,2.86,65676.17,18951.812
300209.SZ,20230720,2.89,2.96,2.87,2.92,59666.11,17461.925
300209.SZ,20230719,2.9,2.91,2.87,2.9,33838.0,9768.669
300209.SZ,20230718,2.89,2.91,2.87,2.91,30930.43,8934.114
300209.SZ,20230717,2.91,2.91,2.87,2.9,31477.0,9082.487
300209.SZ,20230714,2.9,2.95,2.86,2.94,35476.92,10365.368
300209.SZ,20230713,2.86,2.92,2.86,2.89,32898.0,9501.486
300209.SZ,20230712,2.95,2.96,2.85,2.86,54565.43,15822.702
300209.SZ,20230711,2.91,2.97,2.9,2.96,37704.0,11003.487
300209.SZ,20230710,2.93,2.96,2.9,2.9,35888.63,10474.057
300209.SZ,20230707,2.94,2.98,2.9,2.93,42343.0,12414.755
300209.SZ,20230706,2.98,3.0,2.94,2.95,42061.15,12467.204
300209.SZ,20230705,3.01,3.04,2.98,3.0,57751.7,17333.152
300209.SZ,20230704,3.0,3.08,2.96,3.03,91929.0,27739.213
300209.SZ,20230703,2.9,3.0,2.89,3.0,89789.0,26658.386
300209.SZ,20230630,2.83,2.92,2.82,2.88,70371.85,20302.221
300209.SZ,20230629,2.8,2.87,2.79,2.83,57240.0,16214.732
300209.SZ,20230628,2.86,2.9,2.75,2.82,83144.86,23350.503
300209.SZ,20230627,2.68,2.86,2.68,2.86,107554.84,30144.195
300209.SZ,20230626,2.65,2.73,2.63,2.69,64382.52,17299.415
300209.SZ,20230621,2.67,2.75,2.67,2.68,72175.15,19580.742
300209.SZ,20230620,2.78,2.78,2.66,2.69,95575.97,25814.816
300209.SZ,20230619,2.79,2.83,2.77,2.78,61414.82,17163.147
300209.SZ,20230616,2.8,2.85,2.78,2.8,61991.42,17470.643
300209.SZ,20230615,2.83,2.84,2.77,2.79,76432.18,21339.676
300209.SZ,20230614,2.84,2.88,2.79,2.85,57367.48,16305.631
300209.SZ,20230613,2.81,2.88,2.81,2.84,42670.0,12159.846
300209.SZ,20230612,2.86,2.88,2.78,2.82,48116.0,13530.53
300209.SZ,20230609,2.89,2.92,2.83,2.85,41847.0,11981.889
300209.SZ,20230608,2.94,2.98,2.86,2.89,64475.0,18718.297
300209.SZ,20230607,2.87,3.01,2.85,2.96,66754.04,19650.302
300209.SZ,20230606,2.98,3.02,2.86,2.88,84878.27,24802.462
300209.SZ,20230605,2.86,3.02,2.85,2.99,81513.02,24061.463
300209.SZ,20230602,2.75,2.91,2.75,2.89,93967.42,26712.733
300209.SZ,20230601,2.79,2.81,2.69,2.74,58139.0,15895.346
300209.SZ,20230531,2.76,2.92,2.74,2.81,71511.0,20334.053
300209.SZ,20230530,2.72,2.78,2.68,2.77,60998.7,16693.486
300209.SZ,20230529,3.07,3.07,2.67,2.75,181570.59,51320.624
300209.SZ,20230526,3.14,3.16,3.0,3.05,86731.0,26438.882
300209.SZ,20230525,3.17,3.23,3.1,3.13,86770.0,27229.86
300209.SZ,20230524,3.34,3.41,3.22,3.23,121676.0,40187.794
300209.SZ,20230523,3.22,3.45,3.22,3.36,161464.0,53821.128
300209.SZ,20230522,3.15,3.26,3.08,3.22,101965.68,32321.512
300209.SZ,20230519,3.15,3.17,3.1,3.14,51205.0,16037.84
300209.SZ,20230518,3.14,3.21,3.13,3.16,65069.99,20638.521
300209.SZ,20230517,3.09,3.18,3.07,3.15,73772.84,23252.044
300209.SZ,20230516,3.21,3.21,3.06,3.11,103896.83,32369.427
300209.SZ,20230515,3.21,3.27,3.15,3.2,73320.01,23466.688
300209.SZ,20230512,3.35,3.39,3.18,3.22,132059.21,43034.24
300209.SZ,20230511,3.23,3.42,3.21,3.38,144459.08,48287.257
300209.SZ,20230510,3.12,3.26,3.09,3.22,112074.99,35805.227
300209.SZ,20230509,3.34,3.38,3.09,3.12,187933.47,60229.831
300209.SZ,20230508,3.5,3.55,3.26,3.34,206894.19,69882.068
300209.SZ,20230505,3.57,3.61,3.47,3.5,175642.51,61817.3
300209.SZ,20230504,3.55,3.66,3.5,3.59,261784.49,93412.877
300209.SZ,20230428,3.4,3.6,3.33,3.6,483608.76,166561.761
300209.SZ,20230427,3.94,3.94,3.94,3.94,10233.0,4031.802
300209.SZ,20230425,5.05,5.07,4.84,4.92,65836.0,32434.722
300209.SZ,20230424,5.06,5.12,4.94,5.04,76026.01,38127.287
300209.SZ,20230421,5.38,5.39,5.08,5.09,95972.88,49869.314
300209.SZ,20230420,5.38,5.39,5.27,5.36,63744.0,33939.062
300209.SZ,20230419,5.4,5.49,5.35,5.38,61256.0,33177.071
300209.SZ,20230418,5.46,5.51,5.34,5.38,89437.0,48229.636
300209.SZ,20230417,5.66,5.72,5.45,5.46,137075.0,75563.278
300209.SZ,20230414,5.77,5.91,5.65,5.7,133518.46,76725.806
300209.SZ,20230413,5.65,5.99,5.6,5.88,194292.03,113499.948
300209.SZ,20230412,5.57,5.7,5.48,5.67,97458.0,54572.735
300209.SZ,20230411,5.56,5.7,5.44,5.52,121243.0,67176.78
300209.SZ,20230410,5.89,5.9,5.53,5.55,146762.68,83072.132
300209.SZ,20230407,5.79,5.91,5.64,5.9,90389.43,52330.998
300209.SZ,20230406,5.84,5.86,5.7,5.73,80381.0,46246.688
300209.SZ,20230404,6.01,6.01,5.81,5.87,89486.0,52714.839
300209.SZ,20230403,5.91,6.02,5.84,6.01,86647.0,51355.489
300209.SZ,20230331,5.73,5.94,5.7,5.91,88931.74,51666.797
300209.SZ,20230330,6.03,6.03,5.75,5.77,96422.02,56091.91
300209.SZ,20230329,6.04,6.11,5.87,5.94,100159.83,59647.065
300209.SZ,20230328,6.2,6.23,6.02,6.03,111408.56,67765.901
300209.SZ,20230327,6.19,6.29,6.04,6.19,159689.84,98374.654
300209.SZ,20230324,6.24,6.32,6.15,6.24,223930.17,139746.795
300209.SZ,20230323,6.27,6.5,6.12,6.18,242840.99,151052.079
300209.SZ,20230322,6.59,6.8,6.28,6.37,416788.27,268008.447
300209.SZ,20230321,5.95,6.35,5.85,6.26,271196.58,167098.707
300209.SZ,20230320,5.91,6.06,5.89,5.95,126982.0,75692.288
300209.SZ,20230317,5.59,6.0,5.59,5.97,188243.0,110500.195
300209.SZ,20230316,5.61,5.71,5.5,5.54,65548.0,36561.848
300209.SZ,20230315,5.7,5.75,5.61,5.64,45078.0,25544.648
300209.SZ,20230314,5.86,5.86,5.61,5.66,50884.0,28938.561
300209.SZ,20230313,5.82,5.84,5.67,5.81,48144.7,27620.956
300209.SZ,20230310,5.87,5.92,5.8,5.82,50690.0,29661.984
300209.SZ,20230309,5.88,5.94,5.77,5.9,49947.0,29255.848
300209.SZ,20230308,5.67,5.85,5.66,5.84,53925.0,31101.278
300209.SZ,20230307,5.83,5.83,5.66,5.66,45197.0,25847.049
300209.SZ,20230306,5.85,5.93,5.78,5.81,50813.0,29629.486
300209.SZ,20230303,5.92,5.94,5.8,5.85,52515.48,30794.642
300209.SZ,20230302,5.89,5.98,5.84,5.9,76779.0,45400.284
300209.SZ,20230301,5.7,5.88,5.69,5.86,70871.48,41154.932
300209.SZ,20230228,5.64,5.77,5.63,5.72,54528.0,31053.375
300209.SZ,20230227,5.75,5.79,5.6,5.63,53382.0,30224.07
300209.SZ,20230224,5.74,5.8,5.72,5.75,40116.0,23083.757
300209.SZ,20230223,5.85,5.89,5.71,5.74,74786.0,43226.224
300209.SZ,20230222,5.85,5.88,5.75,5.85,67613.28,39252.279
300209.SZ,20230221,5.89,6.12,5.83,5.87,109311.4,64845.55
300209.SZ,20230220,5.86,5.94,5.74,5.9,94037.81,54947.814
300209.SZ,20230217,5.99,6.06,5.89,5.97,94321.0,56154.321
300209.SZ,20230216,6.15,6.2,5.79,5.99,138746.0,84527.057
300209.SZ,20230215,6.25,6.29,6.13,6.19,144633.0,89540.135
300209.SZ,20230214,6.03,6.42,5.96,6.25,278066.19,172044.849
300209.SZ,20230213,5.98,6.05,5.93,6.0,64022.0,38264.477
300209.SZ,20230210,5.97,6.15,5.95,6.01,104871.0,63382.106
300209.SZ,20230209,5.86,5.96,5.82,5.95,67588.0,39953.731
300209.SZ,20230208,6.0,6.03,5.84,5.88,83288.0,49049.525
300209.SZ,20230207,5.93,6.05,5.82,6.01,117175.83,69626.815
300209.SZ,20230206,5.76,5.97,5.7,5.88,173477.0,101849.869
300209.SZ,20230203,5.72,6.06,5.72,6.0,240616.61,142214.717
300209.SZ,20230202,5.78,5.86,5.74,5.77,78876.01,45620.341
300209.SZ,20230201,5.67,5.79,5.65,5.78,96166.74,55225.481
300209.SZ,20230131,5.68,5.72,5.58,5.68,94542.0,53357.009
300209.SZ,20230130,5.6,5.74,5.56,5.7,123653.51,70209.056
300209.SZ,20230120,5.44,5.63,5.4,5.53,67831.0,37297.823
300209.SZ,20230119,5.31,5.45,5.31,5.42,67161.0,36284.379
300209.SZ,20230118,5.3,5.36,5.25,5.31,36777.17,19533.537
300209.SZ,20230117,5.41,5.42,5.26,5.27,46284.0,24653.398
300209.SZ,20230116,5.28,5.42,5.28,5.39,56723.0,30489.546
300209.SZ,20230113,5.31,5.31,5.24,5.29,41530.83,21889.161
300209.SZ,20230112,5.33,5.37,5.26,5.29,37529.0,19899.337
300209.SZ,20230111,5.36,5.43,5.3,5.3,40200.58,21532.133
300209.SZ,20230110,5.43,5.48,5.38,5.39,42069.0,22756.635
300209.SZ,20230109,5.47,5.52,5.43,5.44,53495.0,29258.218
300209.SZ,20230106,5.53,5.56,5.41,5.43,107183.34,58555.136
300209.SZ,20230105,5.52,5.78,5.42,5.55,141405.48,78957.733
300209.SZ,20230104,5.49,5.55,5.42,5.52,83248.23,45735.15
300209.SZ,20230103,5.39,5.49,5.35,5.47,88747.74,48167.057
300209.SZ,20221230,5.21,5.42,5.21,5.4,87020.6,46545.131
300209.SZ,20221229,5.24,5.33,5.21,5.21,54778.0,28865.158
300209.SZ,20221228,5.41,5.41,5.21,5.25,87898.0,46375.511
300209.SZ,20221227,5.49,5.54,5.35,5.42,68977.0,37314.235
300209.SZ,20221226,5.38,5.49,5.36,5.48,69478.87,37737.344
300209.SZ,20221223,5.31,5.44,5.26,5.38,79240.0,42513.994
300209.SZ,20221222,5.42,5.51,5.28,5.29,87960.0,47300.302
300209.SZ,20221221,5.53,5.56,5.31,5.41,107430.38,58158.979
300209.SZ,20221220,5.6,5.67,5.45,5.55,77396.85,42712.717
300209.SZ,20221219,5.82,5.87,5.58,5.6,94654.0,53885.715
300209.SZ,20221216,6.0,6.0,5.79,5.82,113865.0,66585.28
300209.SZ,20221215,6.02,6.1,5.98,6.0,106115.85,63880.884
300209.SZ,20221214,6.14,6.22,6.01,6.04,150523.0,92009.36
300209.SZ,20221213,5.98,6.41,5.98,6.14,226381.58,140358.031
300209.SZ,20221212,6.12,6.22,6.0,6.01,147630.0,89592.372
300209.SZ,20221209,6.32,6.41,6.08,6.23,257685.0,160191.817
300209.SZ,20221208,5.93,6.56,5.83,6.36,347089.83,216496.382
300209.SZ,20221207,5.97,6.05,5.9,5.97,77418.0,46185.935
300209.SZ,20221206,6.05,6.05,5.95,5.97,88674.0,53091.891
300209.SZ,20221205,6.14,6.21,6.0,6.06,95149.1,57771.193
300209.SZ,20221202,5.94,6.17,5.92,6.08,125716.9,76421.19
300209.SZ,20221201,5.89,6.04,5.89,5.96,96384.0,57610.558
300209.SZ,20221130,5.98,6.0,5.83,5.89,122410.6,72094.423
300209.SZ,20221129,5.9,6.1,5.9,5.99,100964.9,60504.374
300209.SZ,20221128,5.86,6.05,5.86,5.95,111407.27,66372.546
300209.SZ,20221125,6.34,6.56,6.05,6.05,165798.87,103080.833
300209.SZ,20221124,6.29,6.36,6.12,6.18,98210.0,61103.181
300209.SZ,20221123,6.63,6.63,6.18,6.29,134464.0,84792.305
300209.SZ,20221122,6.7,6.74,6.52,6.54,84706.4,55932.34
300209.SZ,20221121,6.71,6.78,6.51,6.67,97600.86,64591.749
300209.SZ,20221118,6.84,7.05,6.71,6.72,133122.51,91669.411
300209.SZ,20221117,6.85,6.99,6.75,6.84,109879.0,75210.661
300209.SZ,20221116,6.67,7.05,6.63,6.9,196251.65,134520.051
300209.SZ,20221115,6.76,6.88,6.65,6.74,113278.48,76384.879
300209.SZ,20221114,6.7,6.9,6.66,6.78,121965.85,82529.25
300209.SZ,20221111,7.11,7.18,6.66,6.69,205485.6,141796.438
300209.SZ,20221110,6.69,6.97,6.62,6.89,198825.63,136724.905
300209.SZ,20221109,6.65,6.91,6.61,6.69,141642.8,95517.153
300209.SZ,20221108,6.59,6.85,6.42,6.73,197451.49,131714.707
300209.SZ,20221107,6.23,6.79,6.21,6.54,232378.17,152690.768
300209.SZ,20221104,6.19,6.28,6.1,6.24,99195.0,61577.21
300209.SZ,20221103,6.22,6.24,6.05,6.19,92221.0,56750.57
300209.SZ,20221102,6.1,6.3,6.1,6.24,114925.0,71569.839
300209.SZ,20221101,6.02,6.15,5.94,6.11,107861.0,65246.646
300209.SZ,20221031,5.86,6.12,5.82,5.99,102822.0,61817.208
300209.SZ,20221028,6.23,6.31,5.86,5.88,129605.0,78351.217
300209.SZ,20221027,6.15,6.42,6.08,6.21,151087.0,95040.077
300209.SZ,20221026,5.82,6.24,5.82,6.1,159100.74,96492.925
300209.SZ,20221025,5.95,6.0,5.67,5.85,96900.01,56215.167
300209.SZ,20221024,6.12,6.21,5.9,5.91,110823.01,66829.492
300209.SZ,20221021,6.09,6.22,6.05,6.12,97165.97,59509.234
300209.SZ,20221020,6.15,6.48,6.13,6.22,128280.08,80219.356
300209.SZ,20221019,6.17,6.3,6.11,6.18,94847.0,58835.68
300209.SZ,20221018,6.16,6.3,6.12,6.19,110193.0,68397.415
300209.SZ,20221017,6.04,6.31,6.01,6.21,165808.17,102885.587
300209.SZ,20221014,6.02,6.07,5.92,5.97,119653.0,71502.393
300209.SZ,20221013,5.95,6.12,5.9,5.97,88113.0,53137.918
300209.SZ,20221012,5.75,6.01,5.64,6.0,100782.5,58347.63
300209.SZ,20221011,5.96,6.04,5.71,5.75,91455.24,52982.175
300209.SZ,20221010,5.96,6.12,5.88,5.92,75047.0,44895.817
300209.SZ,20220930,6.06,6.32,5.96,5.97,88065.0,53679.803
300209.SZ,20220929,6.6,6.65,6.0,6.05,141190.17,87788.563
300209.SZ,20220928,6.98,7.02,6.47,6.47,98423.12,65609.111
300209.SZ,20220927,6.68,6.99,6.68,6.97,75699.1,51944.764
300209.SZ,20220926,6.78,6.95,6.68,6.68,76616.01,51952.038
300209.SZ,20220923,7.2,7.21,6.82,6.82,92921.0,64777.118
300209.SZ,20220922,7.1,7.28,7.05,7.16,60391.01,43402.533
300209.SZ,20220921,6.83,7.22,6.71,7.18,97429.8,68296.77
300209.SZ,20220920,6.99,7.02,6.8,6.89,68381.0,47181.879
300209.SZ,20220919,7.08,7.08,6.74,6.89,84945.26,58552.255
300209.SZ,20220916,7.15,7.25,7.02,7.08,89496.63,63763.737
300209.SZ,20220915,7.25,7.33,6.87,7.09,123014.0,87521.926
300209.SZ,20220914,7.35,7.42,7.2,7.24,117430.0,85650.375
300209.SZ,20220913,7.21,7.68,7.21,7.56,195807.49,147365.48
300209.SZ,20220909,7.28,7.44,7.12,7.2,150518.83,109404.425
300209.SZ,20220908,6.82,7.37,6.82,7.18,214454.79,153383.086
300209.SZ,20220907,6.9,6.97,6.83,6.87,51356.0,35287.764
300209.SZ,20220906,6.95,6.95,6.78,6.93,67024.0,45931.423
300209.SZ,20220905,7.12,7.28,6.86,6.9,96936.0,67683.392
300209.SZ,20220902,6.74,7.12,6.74,7.11,137999.58,96658.002
300209.SZ,20220901,6.62,6.88,6.62,6.74,59495.0,40279.793
300209.SZ,20220831,6.83,6.91,6.63,6.63,72074.17,48571.579
300209.SZ,20220830,6.99,7.05,6.77,6.85,75312.0,51723.937
300209.SZ,20220829,6.72,7.03,6.55,6.97,91253.1,62804.604
300209.SZ,20220826,7.06,7.06,6.8,6.82,99493.0,68530.214
300209.SZ,20220825,7.02,7.16,6.78,7.06,155992.0,109189.234
300209.SZ,20220824,7.09,7.14,6.93,7.06,143725.48,101135.736
300209.SZ,20220823,7.19,7.29,7.0,7.09,190172.0,135513.124
300209.SZ,20220822,6.85,7.2,6.72,7.16,250306.37,177257.185
300209.SZ,20220819,6.68,6.99,6.63,6.84,267272.0,183129.796
300209.SZ,20220818,6.65,6.76,6.4,6.72,273628.12,180624.504
300209.SZ,20220817,6.9,6.93,6.58,6.64,314033.77,210480.463
300209.SZ,20220816,7.24,7.31,6.87,6.96,305881.73,215227.341
300209.SZ,20220815,7.2,7.35,7.07,7.27,172691.63,124311.414
300209.SZ,20220812,7.5,7.62,7.13,7.24,296427.07,218917.042
300209.SZ,20220811,8.21,8.21,7.46,7.53,392332.29,300470.253
300209.SZ,20220810,9.3,9.3,8.01,8.34,317449.32,266067.976
300209.SZ,20220809,9.3,9.7,8.67,9.05,217167.45,195584.958
300209.SZ,20220808,8.45,9.34,8.45,9.21,251923.76,225255.654
300209.SZ,20220805,9.78,9.96,8.4,8.51,357332.24,316204.025
300209.SZ,20220804,10.03,10.24,9.21,9.58,289819.12,279314.944
300209.SZ,20220803,9.09,10.15,9.09,9.81,290301.58,282201.194
300209.SZ,20220802,9.36,9.36,8.87,8.97,168165.0,152718.235
300209.SZ,20220801,8.93,9.48,8.92,9.41,162385.76,149614.096
300209.SZ,20220729,8.79,9.01,8.76,8.86,80555.0,71702.487
300209.SZ,20220728,9.2,9.36,8.72,8.84,134875.1,120857.576
300209.SZ,20220727,8.85,9.22,8.85,9.18,116627.63,106221.063
300209.SZ,20220726,8.86,9.03,8.63,8.85,139792.67,123820.717
300209.SZ,20220725,8.65,8.92,8.6,8.84,99644.85,87588.571
300209.SZ,20220722,8.45,8.97,8.41,8.61,99257.15,86169.888
300209.SZ,20220721,8.37,8.75,8.37,8.52,91835.95,78423.664
300209.SZ,20220720,8.32,8.78,8.29,8.36,103852.04,88083.665
300209.SZ,20220719,8.38,8.45,8.12,8.39,135380.01,111960.933
300209.SZ,20220718,7.64,8.3,7.57,8.23,169757.01,137769.604
300209.SZ,20220715,7.89,7.89,7.44,7.54,145606.83,110222.165
300209.SZ,20220714,7.99,8.07,7.68,7.76,95950.0,75315.037
300209.SZ,20220713,7.87,8.04,7.81,7.91,56420.95,44635.192
300209.SZ,20220712,8.12,8.18,7.88,7.88,76818.58,61627.351
300209.SZ,20220711,8.06,8.27,7.95,8.09,90988.22,73812.15
300209.SZ,20220708,7.9,8.11,7.73,8.09,127663.48,101904.146
300209.SZ,20220707,8.14,8.39,7.88,7.91,145736.0,116620.684
300209.SZ,20220706,8.18,8.28,8.08,8.17,88781.35,72553.046
300209.SZ,20220705,8.1,8.44,8.0,8.18,147014.89,119984.476
300209.SZ,20220704,8.15,8.21,7.92,8.1,148642.68,119729.485
300209.SZ,20220701,7.74,8.27,7.67,8.25,210547.0,170530.79
300209.SZ,20220630,7.35,7.79,7.34,7.73,201772.83,154804.327
300209.SZ,20220629,7.43,7.89,7.33,7.33,212921.14,161101.332
300209.SZ,20220628,7.12,7.54,7.06,7.43,189206.0,140178.001
300209.SZ,20220627,6.88,7.25,6.88,7.12,165652.0,118127.688
300209.SZ,20220624,7.03,7.1,6.76,6.93,180856.0,124912.872
300209.SZ,20220623,6.77,7.09,6.72,7.0,218545.92,152186.422
300209.SZ,20220622,6.49,6.99,6.31,6.85,289966.85,195348.706
300209.SZ,20220621,6.11,6.65,6.06,6.49,235646.36,150524.333
300209.SZ,20220620,6.12,6.19,6.03,6.1,63521.85,38661.077
300209.SZ,20220617,6.12,6.2,6.0,6.12,82449.01,50315.826
300209.SZ,20220616,5.96,6.18,5.94,6.17,120231.89,73323.228
300209.SZ,20220615,5.82,6.16,5.82,6.03,153298.88,92371.297
300209.SZ,20220614,5.81,5.81,5.53,5.76,81175.73,46028.466
300209.SZ,20220613,5.71,5.89,5.64,5.83,106942.87,61627.695
300209.SZ,20220610,5.79,5.98,5.7,5.72,137739.85,79924.194
300209.SZ,20220609,6.01,6.14,5.75,5.79,163395.0,96153.753
300209.SZ,20220608,6.13,6.37,5.99,6.1,159369.0,97934.317
300209.SZ,20220607,6.24,6.28,6.06,6.13,100231.22,61535.442
300209.SZ,20220606,6.15,6.36,6.12,6.29,133040.0,83393.766
300209.SZ,20220602,6.07,6.25,5.95,6.19,143871.83,87581.156
300209.SZ,20220601,6.05,6.34,6.05,6.22,141744.0,88458.781
300209.SZ,20220531,6.08,6.15,5.9,6.09,126397.01,76230.5
300209.SZ,20220530,6.08,6.22,6.01,6.08,129481.01,78906.358
300209.SZ,20220527,6.17,6.5,6.06,6.15,210969.01,131484.317
300209.SZ,20220526,5.85,6.36,5.82,6.13,243853.0,148477.013
300209.SZ,20220525,5.54,5.91,5.48,5.81,180306.75,103979.46
300209.SZ,20220524,5.93,6.23,5.48,5.48,231682.59,135684.669
300209.SZ,20220523,5.74,6.05,5.57,5.94,210759.78,122859.43
300209.SZ,20220520,5.6,5.81,5.47,5.68,188530.85,106309.471
300209.SZ,20220519,5.55,5.66,5.41,5.62,163656.4,90586.645
300209.SZ,20220518,5.63,5.84,5.51,5.74,210429.0,118910.025
300209.SZ,20220517,5.53,5.73,5.42,5.5,128701.0,71001.503
300209.SZ,20220516,5.44,5.85,5.41,5.64,228145.0,127877.097
300209.SZ,20220513,5.41,5.59,5.31,5.42,179023.0,97473.029
300209.SZ,20220512,5.41,5.73,5.41,5.49,212293.0,117850.771
300209.SZ,20220511,5.4,5.74,5.38,5.4,295838.6,163600.612
300209.SZ,20220510,5.51,5.53,5.21,5.29,246540.0,130720.662
300209.SZ,20220509,5.88,5.88,5.37,5.48,450496.1,250598.497
300209.SZ,20220506,4.51,5.6,4.45,5.6,255203.99,137881.572
300209.SZ,20220505,4.44,4.71,4.33,4.67,190890.49,87002.41
300209.SZ,20220429,3.97,4.78,3.97,4.51,242237.87,106793.703
300209.SZ,20220428,4.27,4.31,3.97,4.01,133574.65,54599.477
300209.SZ,20220427,4.31,4.35,4.06,4.33,132836.05,55852.486
300209.SZ,20220426,4.29,4.52,4.23,4.27,160883.8,70220.571
300209.SZ,20220425,4.66,4.73,4.21,4.21,143762.0,64272.28
300209.SZ,20220422,5.03,5.03,4.8,4.81,104160.01,51135.301
300209.SZ,20220421,5.4,5.4,5.0,5.04,123602.05,63708.906
300209.SZ,20220420,5.48,5.6,5.32,5.36,90840.98,49556.438
300209.SZ,20220419,5.75,5.75,5.41,5.47,106235.0,58573.861
300209.SZ,20220418,5.8,5.8,5.54,5.63,111418.94,62664.173
300209.SZ,20220415,5.96,6.02,5.76,5.78,133357.62,78123.918
300209.SZ,20220414,6.18,6.37,6.0,6.04,192665.49,118094.948
300209.SZ,20220413,6.17,6.76,5.75,6.23,306257.0,190294.803
300209.SZ,20220412,6.4,6.49,6.14,6.44,155774.25,98140.791
300209.SZ,20220411,6.7,6.75,6.28,6.41,217985.49,140203.046
300209.SZ,20220408,7.32,7.37,6.41,6.7,328051.61,228997.566
300209.SZ,20220407,7.01,7.5,6.88,7.42,447886.28,323789.869
300209.SZ,20220406,6.91,7.28,6.87,7.01,233526.98,164527.238
300209.SZ,20220401,7.05,7.35,6.83,7.0,325015.92,229054.898
300209.SZ,20220331,7.0,7.5,6.82,7.29,444545.77,316214.256
300209.SZ,20220330,6.9,7.23,6.81,7.09,351632.85,246441.626
300209.SZ,20220329,6.81,7.43,6.62,7.19,489273.82,344085.261
300209.SZ,20220328,6.66,7.27,6.45,6.84,494727.99,341078.778
300209.SZ,20220325,5.77,6.92,5.77,6.92,286840.46,192600.572
300209.SZ,20220324,5.87,5.92,5.75,5.77,61287.49,35534.796
300209.SZ,20220323,5.9,6.04,5.9,5.94,65069.47,38822.794
300209.SZ,20220322,5.9,6.0,5.81,5.97,56955.0,33690.671
300209.SZ,20220321,5.98,6.02,5.84,5.94,61538.0,36444.224
300209.SZ,20220318,5.88,6.08,5.88,5.96,79148.0,47162.088
300209.SZ,20220317,5.76,6.14,5.76,6.0,156221.73,94100.139
300209.SZ,20220316,5.44,5.73,5.37,5.73,123419.22,68733.636
300209.SZ,20220315,5.64,5.77,5.39,5.4,101658.01,57036.147
300209.SZ,20220314,5.77,5.99,5.69,5.7,86047.01,50166.178
300209.SZ,20220311,5.7,5.87,5.58,5.86,99706.0,56805.73
300209.SZ,20220310,5.85,5.99,5.78,5.82,93910.73,55165.224
300209.SZ,20220309,5.95,6.05,5.53,5.82,105608.73,61296.268
300209.SZ,20220308,6.12,6.2,5.9,5.97,105824.01,63786.253
300209.SZ,20220307,6.25,6.31,6.07,6.11,109721.89,67436.616
300209.SZ,20220304,6.4,6.5,6.2,6.27,146609.58,92607.788
300209.SZ,20220303,6.75,6.78,6.43,6.46,239343.89,156593.912
300209.SZ,20220302,6.32,7.38,6.26,6.67,324462.35,220328.167
300209.SZ,20220301,5.97,6.42,5.91,6.32,175940.97,109887.12
300209.SZ,20220228,6.05,6.09,5.77,5.95,69510.77,41074.821
300209.SZ,20220225,6.12,6.18,5.96,5.99,74127.09,44794.717
300209.SZ,20220224,6.28,6.35,5.91,6.02,120709.01,73879.956
300209.SZ,20220223,6.27,6.34,6.16,6.33,70809.85,44407.053
300209.SZ,20220222,6.4,6.47,6.22,6.26,78044.01,49248.492
300209.SZ,20220221,6.15,6.48,6.13,6.47,130006.0,82973.984
300209.SZ,20220218,6.16,6.23,6.05,6.15,80816.48,49385.628
300209.SZ,20220217,6.23,6.32,6.09,6.13,79096.0,48977.541
300209.SZ,20220216,6.16,6.3,6.1,6.28,83516.84,51912.21
300209.SZ,20220215,6.16,6.27,6.04,6.1,63068.01,38668.397
300209.SZ,20220214,6.03,6.24,5.92,6.16,83315.01,51167.986
300209.SZ,20220211,6.73,6.8,6.16,6.19,128137.34,81946.21
300209.SZ,20220210,6.59,6.6,6.41,6.44,64384.09,41696.788
300209.SZ,20220209,6.56,6.75,6.45,6.57,100838.01,66096.292
300209.SZ,20220208,6.29,6.43,6.21,6.4,71177.0,45213.54
300209.SZ,20220207,6.33,6.48,6.21,6.24,73572.0,46330.716
300209.SZ,20220128,6.13,6.36,6.1,6.26,74411.86,46399.181
300209.SZ,20220127,6.43,6.44,6.05,6.09,127639.54,78687.109
300209.SZ,20220126,6.39,6.64,6.28,6.43,124888.02,80320.668
300209.SZ,20220125,7.01,7.08,6.53,6.56,121004.98,81376.564
300209.SZ,20220124,7.11,7.28,6.96,7.02,100619.36,71631.725
300209.SZ,20220121,7.14,7.32,7.06,7.11,67110.0,48136.975
300209.SZ,20220120,7.53,7.63,7.14,7.16,133613.0,97373.069
300209.SZ,20220119,7.44,7.7,7.44,7.64,123849.37,93895.156
300209.SZ,20220118,7.82,7.97,7.42,7.44,167532.0,128714.722
300209.SZ,20220117,7.38,7.78,7.3,7.75,163937.0,125011.743
300209.SZ,20220114,7.49,7.56,7.25,7.28,113023.61,83363.723
300209.SZ,20220113,7.53,7.71,7.44,7.48,113443.06,85812.719
300209.SZ,20220112,7.48,7.61,7.36,7.56,84643.7,63577.81
300209.SZ,20220111,7.51,7.72,7.39,7.48,92914.59,69851.941
300209.SZ,20220110,7.52,7.74,7.33,7.61,80849.0,61417.653
300209.SZ,20220107,7.88,8.03,7.46,7.56,128696.0,99466.927
300209.SZ,20220106,7.93,8.05,7.79,7.89,68727.99,54409.032
300209.SZ,20220105,8.2,8.31,7.79,7.93,123081.0,98415.975
300209.SZ,20220104,7.94,8.24,7.89,8.2,115432.52,93514.113
300209.SZ,20211231,8.15,8.25,7.87,7.93,134927.85,108284.393
300209.SZ,20211230,8.16,8.27,8.12,8.16,88281.53,72339.055
300209.SZ,20211229,8.3,8.38,8.05,8.19,100086.14,82345.15
300209.SZ,20211228,8.33,8.49,8.25,8.39,74643.49,62379.605
300209.SZ,20211227,8.42,8.42,8.17,8.31,67750.45,56119.573
300209.SZ,20211224,8.61,8.75,8.24,8.31,122633.81,103327.96
300209.SZ,20211223,8.81,8.95,8.51,8.58,150499.96,131233.456
300209.SZ,20211222,8.66,8.95,8.66,8.93,128993.97,113786.331
300209.SZ,20211221,8.92,9.59,8.66,8.9,197291.81,177777.248
300209.SZ,20211220,9.2,9.21,8.76,8.8,175618.1,156275.133
300209.SZ,20211217,9.69,9.84,9.2,9.2,254123.85,241259.608
300209.SZ,20211216,9.72,10.09,9.58,9.86,310077.01,303929.638
300209.SZ,20211215,9.3,10.83,9.27,9.67,393171.86,392701.894
300209.SZ,20211214,8.83,9.49,8.73,9.27,233637.78,215652.918
300209.SZ,20211213,8.82,9.07,8.74,8.89,158859.88,140724.122
300209.SZ,20211210,9.18,9.32,8.75,8.81,227625.94,204874.408
300209.SZ,20211209,9.65,9.66,9.17,9.17,236128.79,221013.046
300209.SZ,20211208,9.74,9.77,9.14,9.53,363505.75,342936.613
300209.SZ,20211207,9.72,10.62,9.35,9.89,594349.78,593336.401
300209.SZ,20211206,8.11,9.72,8.11,9.72,420474.16,386846.734
300209.SZ,20211203,8.66,8.85,8.1,8.1,219949.58,182686.449
300209.SZ,20211202,9.2,9.37,8.66,8.66,179488.53,160903.711
300209.SZ,20211201,8.91,9.47,8.86,9.28,194489.14,179579.093
300209.SZ,20211130,9.12,9.59,9.04,9.05,191906.45,177752.096
300209.SZ,20211129,8.95,9.25,8.87,9.03,144474.0,129911.784
300209.SZ,20211126,8.64,9.18,8.28,9.16,262239.37,232064.474
300209.SZ,20211125,9.28,9.29,8.78,8.79,144111.91,128582.398
300209.SZ,20211124,8.75,9.25,8.75,9.18,204122.99,185182.372
300209.SZ,20211123,9.34,9.42,8.93,9.01,205569.2,186181.898
300209.SZ,20211122,8.7,9.35,8.57,9.33,285158.78,254095.166
300209.SZ,20211119,9.24,9.24,8.7,8.88,236538.01,209633.322
300209.SZ,20211118,9.55,9.6,9.02,9.05,267206.1,246845.162
300209.SZ,20211117,9.62,9.83,9.28,9.7,291476.3,277333.03
300209.SZ,20211116,9.45,10.83,9.37,9.89,462106.19,457977.61
300209.SZ,20211115,9.57,10.03,9.24,9.38,348880.88,331302.089
300209.SZ,20211112,10.42,10.86,9.82,9.88,435462.9,446821.729
300209.SZ,20211111,10.05,10.89,9.89,10.26,527663.99,547748.567
300209.SZ,20211110,9.7,9.8,9.33,9.73,362344.0,347055.743
300209.SZ,20211109,9.63,10.18,9.17,9.84,516278.62,495782.639
300209.SZ,20211108,9.52,10.47,9.2,9.73,708264.26,689895.613
300209.SZ,20211105,7.5,9.1,7.45,9.1,409009.11,352867.592
300209.SZ,20211104,7.3,7.65,7.19,7.58,199302.99,149104.427
300209.SZ,20211103,7.43,7.55,7.18,7.29,164141.17,119732.729
300209.SZ,20211102,7.98,7.98,7.44,7.45,224509.48,171882.495
300209.SZ,20211101,8.06,8.25,7.8,8.01,231513.94,184794.66
300209.SZ,20211029,7.63,8.27,7.31,8.05,339133.14,267892.641
300209.SZ,20211028,7.7,8.03,7.39,7.55,221396.38,170843.309
300209.SZ,20211027,7.58,8.1,7.35,7.91,311608.57,239876.362
300209.SZ,20211026,8.47,8.54,7.8,7.89,380361.56,307620.978
300209.SZ,20211025,8.3,8.9,8.11,8.57,328169.51,280838.804
300209.SZ,20211022,9.3,9.47,8.52,8.78,465685.59,418438.231
300209.SZ,20211021,8.1,9.52,7.96,9.05,598085.71,529616.177
300209.SZ,20211020,7.81,8.49,7.55,8.33,504777.43,404427.433
300209.SZ,20211019,7.79,8.28,7.65,8.02,522847.75,415321.189
300209.SZ,20211018,7.95,8.66,7.26,8.29,771958.03,596603.742
300209.SZ,20211015,6.86,8.1,6.82,8.1,696885.23,539627.49
300209.SZ,20211014,6.43,7.2,6.08,6.75,516031.22,332830.021
300209.SZ,20211013,6.82,7.5,6.73,6.91,502514.31,352632.033
300209.SZ,20211012,7.66,7.75,6.57,6.82,624922.7,434346.529
300209.SZ,20211011,6.03,7.32,6.03,7.32,442499.12,298852.293
300209.SZ,20211008,5.09,6.1,5.09,6.1,333501.4,198841.859
300209.SZ,20210930,4.92,5.15,4.92,5.08,32623.0,16480.526
300209.SZ,20210929,5.05,5.05,4.9,4.91,34586.39,17145.793
300209.SZ,20210928,5.11,5.17,5.0,5.05,21582.0,10892.327
300209.SZ,20210927,5.2,5.24,4.99,5.1,39973.0,20392.072
300209.SZ,20210924,5.34,5.37,5.17,5.17,37614.0,19771.514
300209.SZ,20210923,5.23,5.36,5.23,5.32,31581.0,16779.073
300209.SZ,20210922,5.21,5.29,5.17,5.23,30024.0,15663.772
300209.SZ,20210917,5.41,5.45,5.17,5.23,56225.0,29612.405
300209.SZ,20210916,5.51,5.61,5.41,5.43,48156.04,26447.452
300209.SZ,20210915,5.38,5.56,5.31,5.5,66503.89,36410.978
300209.SZ,20210914,5.45,5.54,5.33,5.34,51666.85,28141.651
300209.SZ,20210913,5.28,5.52,5.24,5.46,62385.28,33836.804
300209.SZ,20210910,5.4,5.41,5.26,5.31,49432.0,26327.189
300209.SZ,20210909,5.54,5.55,5.36,5.42,65345.48,35539.302
300209.SZ,20210908,5.32,5.58,5.3,5.55,93312.64,50962.301
300209.SZ,20210907,5.2,5.38,5.15,5.36,79139.0,41918.978
300209.SZ,20210906,5.15,5.22,5.14,5.2,38313.13,19844.283
300209.SZ,20210903,5.08,5.23,5.08,5.17,69415.21,35893.905
300209.SZ,20210902,5.08,5.1,5.01,5.06,40579.57,20520.926
300209.SZ,20210901,4.97,5.19,4.92,5.09,68121.0,34466.71
300209.SZ,20210831,4.94,5.22,4.9,5.02,88671.18,44469.419
300209.SZ,20210830,5.28,5.35,4.89,4.94,177041.0,90378.173
300209.SZ,20210827,5.77,5.81,5.63,5.63,77665.01,44346.819
300209.SZ,20210826,5.66,5.96,5.56,5.87,119878.14,69086.912
300209.SZ,20210825,5.64,5.71,5.62,5.68,29939.0,16981.556
300209.SZ,20210824,5.7,5.74,5.63,5.66,43073.95,24422.028
300209.SZ,20210823,5.54,5.71,5.54,5.71,54877.0,31130.576
300209.SZ,20210820,5.61,5.64,5.47,5.54,50305.66,27819.115
300209.SZ,20210819,5.67,5.72,5.61,5.65,34320.0,19425.587
300209.SZ,20210818,5.6,5.69,5.53,5.68,48123.4,27013.446
300209.SZ,20210817,5.73,5.75,5.56,5.58,62354.12,35286.851
300209.SZ,20210816,5.73,5.79,5.68,5.76,45684.5,26197.193
300209.SZ,20210813,5.91,5.93,5.7,5.79,77627.93,45088.328
300209.SZ,20210812,5.82,5.97,5.8,5.94,77765.99,45939.352
300209.SZ,20210811,5.88,5.91,5.82,5.86,56658.34,33156.883
300209.SZ,20210810,5.85,5.95,5.8,5.91,51232.92,30192.566
300209.SZ,20210809,5.75,5.86,5.66,5.84,43280.45,25026.189
300209.SZ,20210806,5.8,5.82,5.69,5.76,44163.0,25292.453
300209.SZ,20210805,5.91,5.91,5.76,5.78,52053.35,30259.645
300209.SZ,20210804,5.95,6.0,5.85,5.93,59326.89,35076.958
300209.SZ,20210803,5.86,6.04,5.83,5.96,85042.19,50806.633
300209.SZ,20210802,5.7,5.92,5.64,5.9,75813.49,44119.413
300209.SZ,20210730,5.6,5.75,5.6,5.73,48789.5,27792.337
300209.SZ,20210729,5.5,5.82,5.5,5.67,75802.31,43021.192
300209.SZ,20210728,5.58,5.63,5.39,5.45,63244.0,34667.279
300209.SZ,20210727,5.5,5.83,5.5,5.65,73778.63,41943.422
300209.SZ,20210726,5.69,5.74,5.53,5.57,77374.77,43465.735
300209.SZ,20210723,6.04,6.05,5.74,5.74,129370.67,75341.484
300209.SZ,20210722,6.11,6.12,6.03,6.05,82503.4,50006.364
300209.SZ,20210721,6.08,6.15,6.04,6.12,85053.7,51861.544
300209.SZ,20210720,6.1,6.13,5.99,6.06,92785.0,56064.903
300209.SZ,20210719,6.06,6.2,5.98,6.19,101564.3,61640.232
300209.SZ,20210716,6.25,6.33,6.12,6.21,150616.7,93814.71
300209.SZ,20210715,6.16,6.17,5.94,6.01,112510.0,67687.736
300209.SZ,20210714,6.32,6.39,6.16,6.17,126611.76,78862.515
300209.SZ,20210713,6.15,6.4,6.13,6.33,183060.11,115096.263
300209.SZ,20210712,6.04,6.21,6.03,6.18,167060.19,102745.976
300209.SZ,20210709,5.98,6.23,5.91,6.13,209302.75,126997.187
300209.SZ,20210708,6.49,6.49,6.14,6.14,332983.83,208736.585
300209.SZ,20210707,6.66,6.82,6.35,6.52,452575.45,296585.528
300209.SZ,20210706,7.6,7.89,7.2,7.35,340875.23,252646.664
300209.SZ,20210705,8.68,8.88,7.62,7.69,444865.52,352141.462
300209.SZ,20210702,7.9,7.95,7.46,7.6,527541.86,405512.109
300209.SZ,20210701,6.71,8.02,6.65,8.02,576163.41,452207.865
300209.SZ,20210630,6.46,6.79,6.45,6.68,108724.0,72579.864
300209.SZ,20210629,6.62,6.87,6.49,6.53,104622.98,69711.272
300209.SZ,20210628,6.62,6.68,6.54,6.63,69536.0,45820.505
300209.SZ,20210625,6.79,6.87,6.57,6.6,83078.0,55458.063
300209.SZ,20210624,7.04,7.07,6.7,6.8,65986.01,45507.178
300209.SZ,20210623,7.05,7.13,6.88,7.04,74528.07,52031.612
300209.SZ,20210622,7.22,7.25,6.99,7.05,82081.74,58065.876
300209.SZ,20210621,7.0,7.4,7.0,7.21,99489.23,71889.663
300209.SZ,20210618,6.92,7.18,6.83,7.08,106558.98,74761.7
300209.SZ,20210617,7.01,7.08,6.8,6.94,92425.52,63839.656
300209.SZ,20210616,7.08,7.14,6.91,7.08,106959.52,75078.851
300209.SZ,20210615,6.83,7.24,6.76,7.17,144735.37,102313.682
300209.SZ,20210611,7.0,7.13,6.88,6.89,135071.5,94165.855
300209.SZ,20210610,6.82,7.12,6.71,7.05,162723.51,112677.781
300209.SZ,20210609,6.52,6.85,6.49,6.77,128690.96,86243.008
300209.SZ,20210608,6.42,6.65,6.36,6.54,89582.34,58306.045
300209.SZ,20210607,6.21,6.44,6.18,6.42,67864.26,43027.403
300209.SZ,20210604,6.27,6.36,6.18,6.25,47437.94,29682.167
300209.SZ,20210603,6.28,6.42,6.22,6.32,56301.71,35679.606
300209.SZ,20210602,6.43,6.55,6.25,6.26,68730.3,43702.623
300209.SZ,20210601,6.28,6.59,6.2,6.36,113969.36,73122.836
300209.SZ,20210531,6.09,6.38,6.06,6.28,95191.3,59416.852
300209.SZ,20210528,6.26,6.27,6.04,6.07,79978.55,48993.067
300209.SZ,20210527,6.37,6.37,6.19,6.24,103309.07,64658.129
300209.SZ,20210526,6.2,6.46,6.15,6.38,134154.5,84775.302
300209.SZ,20210525,6.23,6.27,6.15,6.18,52911.64,32744.677
300209.SZ,20210524,5.99,6.28,5.98,6.23,73401.44,45244.002
300209.SZ,20210521,5.9,6.11,5.84,6.04,69797.95,41855.133
300209.SZ,20210520,5.91,5.93,5.72,5.9,67566.45,39358.87
300209.SZ,20210519,6.01,6.02,5.82,5.89,62820.5,37174.574
300209.SZ,20210518,6.0,6.07,5.95,6.04,42658.33,25681.437
300209.SZ,20210517,6.55,6.56,6.01,6.03,111578.77,68865.882
300209.SZ,20210514,6.37,6.56,6.31,6.47,55853.0,35989.175
300209.SZ,20210513,6.44,6.51,6.3,6.34,49444.2,31569.374
300209.SZ,20210512,6.36,6.51,6.32,6.43,46814.9,30044.211
300209.SZ,20210511,6.25,6.42,6.17,6.38,61301.63,38685.323
300209.SZ,20210510,6.18,6.31,6.03,6.26,69430.32,42836.693
300209.SZ,20210507,6.14,6.23,6.02,6.2,58191.2,35723.351
300209.SZ,20210506,6.4,6.45,6.11,6.14,82303.0,51129.646
300209.SZ,20210430,6.81,6.86,6.32,6.37,99386.6,64779.701
300209.SZ,20210429,6.7,6.95,6.53,6.81,83658.25,56444.046
300209.SZ,20210428,6.99,7.06,6.88,6.91,66693.77,46374.87
300209.SZ,20210427,7.25,7.32,6.97,7.01,76849.74,54443.15
300209.SZ,20210426,7.54,7.56,7.27,7.29,82709.24,61149.339
300209.SZ,20210423,7.79,7.82,7.47,7.55,124166.89,94376.427
300209.SZ,20210422,7.75,7.99,7.7,7.79,145033.32,113971.764
300209.SZ,20210421,7.61,7.94,7.55,7.77,169110.04,131620.138
300209.SZ,20210420,7.53,7.81,7.47,7.67,182743.72,139527.817
300209.SZ,20210419,7.48,7.78,7.33,7.61,205676.84,154497.353
300209.SZ,20210416,6.97,7.26,6.93,7.21,65499.51,46892.514
300209.SZ,20210415,7.12,7.18,6.95,6.99,54497.0,38321.343
300209.SZ,20210414,6.91,7.17,6.82,7.12,69940.39,48974.823
300209.SZ,20210413,6.98,7.0,6.84,6.91,47110.0,32567.823
300209.SZ,20210412,7.19,7.22,6.96,6.99,38252.6,26973.928
300209.SZ,20210409,7.24,7.31,7.13,7.17,36545.0,26306.859
300209.SZ,20210408,7.4,7.55,7.26,7.27,47745.38,35241.315
300209.SZ,20210407,7.31,7.48,7.31,7.42,47613.41,35234.446
300209.SZ,20210406,7.1,7.38,7.08,7.38,54762.9,39682.176
300209.SZ,20210402,6.99,7.13,6.89,7.1,34687.3,24351.169
300209.SZ,20210401,7.1,7.14,6.95,6.99,28954.0,20259.687
300209.SZ,20210331,6.99,7.22,6.87,7.05,54686.98,38548.052
300209.SZ,20210330,7.31,7.31,6.93,6.97,57210.08,40204.998
300209.SZ,20210329,7.46,7.53,7.17,7.25,69603.8,50915.094
300209.SZ,20210326,7.4,7.49,7.34,7.46,44911.25,33263.546
300209.SZ,20210325,7.36,7.54,7.19,7.43,54114.56,39977.119
300209.SZ,20210324,7.38,7.46,7.21,7.36,48859.9,35857.517
300209.SZ,20210323,7.53,7.6,7.3,7.4,57587.84,42856.871
300209.SZ,20210322,7.22,7.53,7.22,7.52,47425.01,35013.244
300209.SZ,20210319,7.09,7.35,7.09,7.19,49363.11,35757.494
300209.SZ,20210318,7.52,7.58,7.22,7.29,50438.87,36976.552
300209.SZ,20210317,7.46,7.6,7.35,7.5,42791.21,31963.841
300209.SZ,20210316,7.54,7.63,7.35,7.48,43410.72,32359.941
300209.SZ,20210315,7.5,7.57,7.36,7.46,36694.7,27377.964
300209.SZ,20210312,7.77,7.81,7.38,7.44,52081.0,39351.904
300209.SZ,20210311,7.62,7.78,7.4,7.65,63355.66,48088.205
300209.SZ,20210310,8.2,8.25,7.57,7.62,51937.35,40498.287
300209.SZ,20210309,8.35,8.37,7.96,8.04,53172.66,43239.964
300209.SZ,20210308,8.41,8.58,8.25,8.3,54186.38,45595.155
300209.SZ,20210305,8.5,8.6,8.38,8.47,49899.35,42390.978
300209.SZ,20210304,8.57,8.64,8.35,8.46,59096.72,50089.064
300209.SZ,20210303,8.66,8.83,8.44,8.68,66453.0,56998.251
300209.SZ,20210302,8.7,8.74,8.45,8.58,77923.47,66889.025
300209.SZ,20210301,8.26,8.74,8.25,8.72,93865.46,80388.652
300209.SZ,20210226,7.79,8.27,7.65,8.1,82793.3,66733.165
300209.SZ,20210225,8.0,8.14,7.78,7.87,62539.93,49430.474
300209.SZ,20210224,7.88,8.25,7.82,7.93,100756.63,80670.067
300209.SZ,20210223,8.17,8.35,7.82,7.83,72998.37,58397.608
300209.SZ,20210222,7.94,8.35,7.94,8.14,94779.08,77344.386
300209.SZ,20210219,7.41,7.94,7.39,7.89,86256.55,66456.232
300209.SZ,20210218,7.0,7.43,6.99,7.38,74608.35,54346.71
300209.SZ,20210210,6.86,6.95,6.71,6.92,57173.16,39253.927
300209.SZ,20210209,6.72,6.85,6.62,6.79,61168.43,41236.013
300209.SZ,20210208,6.91,7.05,6.66,6.72,63887.83,43495.072
300209.SZ,20210205,7.07,7.27,6.89,6.91,56916.76,40073.417
300209.SZ,20210204,7.1,7.2,6.85,7.1,61425.27,42812.68
300209.SZ,20210203,7.2,7.35,6.99,7.15,76462.04,54492.648
300209.SZ,20210202,7.24,7.79,7.22,7.33,110839.17,82408.704
300209.SZ,20210201,6.5,7.36,6.5,7.17,126626.19,89778.571
300209.SZ,20210129,7.53,7.7,7.15,7.29,98586.66,72189.654
300209.SZ,20210128,7.38,7.74,7.33,7.45,92142.49,69625.193
300209.SZ,20210127,7.52,7.66,7.2,7.39,87203.74,64928.748
300209.SZ,20210126,7.62,8.28,7.46,7.56,142224.6,110668.105
300209.SZ,20210125,8.59,8.65,7.57,7.62,167345.26,134005.904
300209.SZ,20210122,8.8,8.93,8.42,8.8,103399.34,90321.187
300209.SZ,20210121,9.31,9.45,9.15,9.21,76477.0,71019.291
300209.SZ,20210120,9.58,9.58,9.26,9.33,56891.29,53307.369
300209.SZ,20210119,9.22,9.6,9.1,9.58,83213.04,77877.957
300209.SZ,20210118,8.87,9.67,8.87,9.29,105794.28,98525.321
300209.SZ,20210115,8.63,9.01,8.57,8.94,81953.61,72623.734
300209.SZ,20210114,8.5,8.8,8.36,8.64,62964.82,54440.279
300209.SZ,20210113,8.71,8.75,8.32,8.49,60723.28,51477.267
300209.SZ,20210112,8.68,9.1,8.5,8.67,78064.35,68627.342
300209.SZ,20210111,8.95,9.14,8.59,8.62,61027.65,53662.047
300209.SZ,20210108,8.8,9.1,8.45,8.84,74833.41,66421.269
300209.SZ,20210107,9.45,9.49,8.73,8.82,89001.43,79768.711
300209.SZ,20210106,9.95,10.04,9.37,9.49,70862.94,67968.439
300209.SZ,20210105,10.09,10.17,9.79,10.03,64361.97,63987.084
300209.SZ,20210104,10.2,10.25,10.03,10.18,39081.17,39692.789
300209.SZ,20201231,9.96,10.23,9.96,10.15,45431.74,45991.864
300209.SZ,20201230,9.92,10.03,9.83,9.98,37607.85,37343.014
300209.SZ,20201229,9.82,10.22,9.71,9.97,64517.5,64692.022
300209.SZ,20201228,10.04,10.16,9.65,9.9,67139.34,66067.996
300209.SZ,20201225,10.08,10.18,9.88,10.14,36002.0,36267.763
300209.SZ,20201224,10.52,10.52,9.93,10.18,70901.13,71745.497
300209.SZ,20201223,10.44,10.66,10.42,10.53,34711.01,36412.675
300209.SZ,20201222,10.9,10.93,10.46,10.47,36554.77,38794.061
300209.SZ,20201221,10.73,10.95,10.53,10.83,26142.09,28325.582
300209.SZ,20201218,10.9,11.06,10.66,10.76,29613.0,32067.602
300209.SZ,20201217,10.59,10.9,10.39,10.85,46541.01,49617.502
300209.SZ,20201216,10.96,10.96,10.53,10.58,44558.83,47562.292
300209.SZ,20201215,10.93,11.03,10.86,10.92,29237.81,31969.814
300209.SZ,20201214,11.01,11.08,10.66,10.93,39321.03,42931.972
300209.SZ,20201211,11.2,11.27,10.7,10.88,66635.64,72635.478
300209.SZ,20201210,11.23,11.37,11.07,11.26,36998.37,41648.495
300209.SZ,20201209,11.53,11.6,11.2,11.23,40842.0,46659.142
300209.SZ,20201208,11.76,11.76,11.5,11.51,37316.61,43309.142
300209.SZ,20201207,11.87,11.92,11.7,11.71,36804.02,43399.757
300209.SZ,20201204,11.88,12.0,11.83,11.86,36306.95,43177.266
300209.SZ,20201203,11.93,12.11,11.74,11.93,52052.95,62069.816
300209.SZ,20201202,12.0,12.04,11.91,11.99,35670.83,42723.786
300209.SZ,20201201,11.86,12.06,11.78,11.99,42602.0,50963.18
300209.SZ,20201130,11.86,12.14,11.62,11.86,46549.49,55543.22
300209.SZ,20201127,12.03,12.05,11.74,11.87,33927.0,40246.207
300209.SZ,20201126,12.25,12.27,11.95,12.01,46038.31,55517.554
300209.SZ,20201125,12.29,12.46,12.1,12.2,47076.0,57774.479
300209.SZ,20201124,12.31,12.48,12.26,12.29,41936.84,51761.491
300209.SZ,20201123,12.53,12.69,12.31,12.39,45761.83,56965.417
300209.SZ,20201120,12.51,12.55,12.29,12.45,38929.8,48320.498
300209.SZ,20201119,12.5,12.55,12.34,12.52,33492.0,41738.765
300209.SZ,20201118,12.46,12.61,12.44,12.51,37756.79,47285.869
300209.SZ,20201117,12.49,12.68,12.27,12.48,64772.0,80749.874
300209.SZ,20201116,12.67,12.9,12.35,12.49,61455.72,77113.946
300209.SZ,20201113,12.41,12.58,12.21,12.41,34342.0,42565.155
300209.SZ,20201112,12.72,12.75,12.36,12.41,37781.59,47208.664
300209.SZ,20201111,12.78,12.86,12.5,12.55,41959.64,52809.91
300209.SZ,20201110,13.26,13.26,12.74,12.85,55736.47,71916.376
300209.SZ,20201109,12.8,13.21,12.79,13.08,76753.37,100059.151
300209.SZ,20201106,13.05,13.08,12.56,12.74,60229.26,76930.711
300209.SZ,20201105,12.87,13.23,12.73,13.0,85919.2,111288.547
300209.SZ,20201104,12.8,12.98,12.53,12.66,33101.0,41928.216
300209.SZ,20201103,12.4,13.0,12.37,12.8,64772.52,82761.261
300209.SZ,20201102,12.57,12.75,12.0,12.36,54791.0,67496.898
300209.SZ,20201030,13.3,13.55,12.49,12.57,99264.14,128745.264
300209.SZ,20201029,13.82,13.85,13.23,13.5,109058.57,147933.66
300209.SZ,20201028,14.46,14.65,14.0,14.46,47031.52,67148.709
300209.SZ,20201027,14.76,14.88,14.3,14.58,49495.49,72130.708
300209.SZ,20201026,14.63,14.98,14.41,14.88,36124.0,53487.92
300209.SZ,20201023,15.08,15.3,14.72,14.81,51800.62,77633.489
300209.SZ,20201022,14.85,15.12,14.48,15.02,56596.87,84298.087
300209.SZ,20201021,15.0,15.16,14.72,14.98,65290.55,97833.16
300209.SZ,20201020,14.62,15.02,14.38,14.97,61624.96,91272.008
300209.SZ,20201019,14.87,14.94,14.52,14.61,52193.05,76994.786
300209.SZ,20201016,14.9,14.97,14.69,14.87,38187.85,56598.251
300209.SZ,20201015,14.9,15.02,14.73,14.87,50569.0,75296.754
300209.SZ,20201014,14.99,15.21,14.7,15.0,65679.01,97831.88
300209.SZ,20201013,14.93,15.17,14.86,15.04,84847.58,127492.734
300209.SZ,20201012,14.43,15.01,14.31,14.94,101392.92,149728.595
300209.SZ,20201009,16.03,16.03,14.26,14.51,79209.43,114949.971
300209.SZ,20200930,13.98,14.1,13.4,13.95,76350.0,105147.026
300209.SZ,20200929,14.03,14.38,13.98,14.04,51943.67,73662.33
300209.SZ,20200928,14.25,14.33,13.82,13.89,42628.98,59751.122
300209.SZ,20200925,14.36,14.43,14.04,14.19,50656.86,72031.307
300209.SZ,20200924,14.97,14.97,14.21,14.26,86942.41,125687.361
300209.SZ,20200923,14.9,15.11,14.6,15.04,64453.25,95990.016
300209.SZ,20200922,14.7,15.1,14.6,14.95,59218.99,88206.057
300209.SZ,20200921,14.95,15.08,14.74,14.89,50467.99,75119.075
300209.SZ,20200918,14.7,15.1,14.56,14.94,73074.46,108507.985
300209.SZ,20200917,14.27,14.95,14.06,14.72,96930.78,141633.407
300209.SZ,20200916,14.48,14.57,14.08,14.3,66850.41,95379.683
300209.SZ,20200915,14.83,14.85,14.39,14.67,72954.85,106495.373
300209.SZ,20200914,14.24,15.16,14.15,14.7,120405.59,177225.13
300209.SZ,20200911,14.0,14.29,13.33,14.1,104755.93,144346.249
300209.SZ,20200910,16.45,16.78,13.97,14.15,206599.13,311385.893
300209.SZ,20200909,16.67,17.06,16.16,16.48,154042.25,256364.648
300209.SZ,20200908,16.61,17.09,16.18,17.07,175222.16,291432.738
300209.SZ,20200907,16.46,17.28,16.17,16.76,219802.4,367604.697
300209.SZ,20200904,16.06,16.96,16.0,16.53,158151.45,261182.08
300209.SZ,20200903,16.62,17.03,16.17,16.59,275975.44,456340.186
300209.SZ,20200902,15.31,17.68,15.31,17.46,371564.29,618963.046
300209.SZ,20200901,15.02,15.02,14.67,14.83,85380.77,126265.541
300209.SZ,20200831,15.19,15.87,14.99,15.03,105071.38,160952.986
300209.SZ,20200828,15.55,15.55,14.8,15.27,104544.75,157603.25
300209.SZ,20200827,15.05,15.69,14.91,15.69,52787.63,81148.726
300209.SZ,20200826,15.67,15.67,14.85,15.0,48298.48,73514.258
300209.SZ,20200825,15.31,15.81,15.2,15.72,61972.58,96288.215
300209.SZ,20200824,14.81,15.62,14.57,15.31,63254.94,96085.26
300209.SZ,20200821,15.02,15.15,14.6,14.81,46941.56,70018.515
300209.SZ,20200820,14.89,15.1,14.46,15.02,57872.9,86172.419
300209.SZ,20200819,15.77,15.77,14.74,14.89,100749.24,152059.464
300209.SZ,20200818,15.67,16.01,15.67,15.83,62414.99,98988.339
300209.SZ,20200817,15.56,16.21,15.3,15.9,144083.95,226607.843
300209.SZ,20200814,16.1,16.52,16.03,16.38,39334.58,64203.916
300209.SZ,20200813,16.09,16.2,15.85,16.1,31278.92,50300.742
300209.SZ,20200812,16.05,16.1,15.48,16.08,62574.61,98774.951
300209.SZ,20200811,16.88,17.28,16.04,16.15,68497.28,113076.655
300209.SZ,20200810,16.95,17.42,16.61,16.64,83950.52,141631.456
300209.SZ,20200807,17.9,17.91,16.8,17.18,90853.2,156642.12
300209.SZ,20200806,18.13,18.31,17.58,18.05,75105.9,134886.037
300209.SZ,20200805,17.9,18.63,17.4,18.32,141893.68,256495.252
300209.SZ,20200804,17.11,17.83,16.66,17.82,149884.78,261059.903
300209.SZ,20200803,16.66,17.01,16.39,16.97,102516.7,171052.896
300209.SZ,20200731,16.4,16.58,16.18,16.4,78368.81,128211.447
300209.SZ,20200730,16.35,16.36,16.01,16.2,65424.07,105937.771
300209.SZ,20200729,15.72,16.39,15.52,16.35,88940.0,143318.237
300209.SZ,20200728,15.99,16.29,15.44,15.76,70896.58,111874.133
300209.SZ,20200727,15.8,16.06,15.6,15.85,66313.0,105075.764
300209.SZ,20200724,16.26,16.47,15.56,15.6,122863.56,195064.008
300209.SZ,20200723,16.23,16.41,15.65,16.37,138101.52,221793.481
300209.SZ,20200722,16.35,16.63,16.2,16.47,136333.39,224538.699
300209.SZ,20200721,16.33,16.44,15.9,16.41,121771.0,197621.769
300209.SZ,20200720,15.75,16.26,15.61,16.24,132630.77,212426.162
300209.SZ,20200717,15.93,16.11,15.43,15.71,176906.77,277906.004
300209.SZ,20200716,16.48,16.7,15.63,15.86,220967.65,359666.983
300209.SZ,20200715,18.85,18.85,16.57,16.65,405141.38,688957.448
300209.SZ,20200714,19.25,19.73,18.25,18.41,251894.43,474542.613
300209.SZ,20200713,19.5,19.99,19.19,19.65,195927.65,383729.533
300209.SZ,20200710,20.12,20.16,18.96,19.46,207682.98,405787.954
300209.SZ,20200709,19.97,21.28,19.55,20.1,288876.29,588078.16
300209.SZ,20200708,19.7,21.0,19.15,20.35,212307.62,428007.315
300209.SZ,20200707,18.6,20.81,18.0,19.85,282324.64,553697.097
300209.SZ,20200706,17.31,19.28,17.31,18.92,340249.24,635999.158
300209.SZ,20200703,17.98,18.28,17.01,17.53,346032.59,608055.761
300209.SZ,20200702,17.08,18.48,17.08,18.48,378318.29,687024.312
300209.SZ,20200701,18.45,18.45,16.11,16.8,522754.26,912282.335
300209.SZ,20200630,17.16,17.16,16.48,17.16,198001.73,335446.443
300209.SZ,20200629,14.38,15.6,14.2,15.6,142035.16,216736.485
300209.SZ,20200624,14.15,14.69,14.05,14.18,110747.08,158316.306
300209.SZ,20200623,14.05,14.32,13.89,14.15,88853.44,125155.81
300209.SZ,20200622,13.85,14.29,13.78,14.11,139597.05,195936.933
300209.SZ,20200619,13.5,14.21,13.5,14.02,175266.51,243968.079
300209.SZ,20200618,12.56,13.9,12.55,13.53,207357.99,279442.47
300209.SZ,20200617,12.62,12.74,12.46,12.65,68275.51,85948.892
300209.SZ,20200616,12.8,13.1,12.48,12.72,119558.41,152137.477
300209.SZ,20200615,11.97,12.96,11.89,12.71,165088.34,206129.706
300209.SZ,20200612,11.81,12.56,11.81,12.07,117653.35,144024.592
300209.SZ,20200611,11.66,12.87,11.51,12.34,189448.84,236119.735
300209.SZ,20200610,11.78,12.09,11.12,11.7,127290.79,147386.302
300209.SZ,20200609,12.29,12.3,12.04,12.24,51981.44,63074.727
300209.SZ,20200608,11.98,12.48,11.98,12.3,69597.96,85635.619
300209.SZ,20200605,12.02,12.19,11.88,12.03,43952.55,52759.591
300209.SZ,20200604,12.11,12.32,11.78,11.97,59953.53,71948.641
300209.SZ,20200603,12.35,12.43,12.07,12.16,69323.44,84592.417
300209.SZ,20200602,12.48,12.48,12.22,12.31,63218.48,78001.692
300209.SZ,20200601,12.41,12.65,12.25,12.41,80625.72,100793.309
300209.SZ,20200529,12.3,12.53,12.21,12.29,58113.29,71894.107
300209.SZ,20200528,12.23,12.49,12.13,12.34,76254.58,94308.951
300209.SZ,20200527,11.68,12.33,11.58,12.16,97414.48,117336.811
300209.SZ,20200526,11.54,11.79,11.54,11.7,46787.93,54611.044
300209.SZ,20200525,11.22,11.49,11.08,11.48,34628.01,39015.845
300209.SZ,20200522,11.43,11.64,11.13,11.22,48668.2,55226.277
300209.SZ,20200521,11.8,11.84,11.4,11.46,49705.93,57643.967
300209.SZ,20200520,12.06,12.06,11.71,11.75,55928.87,66003.21
300209.SZ,20200519,11.92,12.08,11.81,12.08,61653.87,73807.898
300209.SZ,20200518,12.45,12.46,11.64,11.89,95526.43,113607.863
300209.SZ,20200515,12.55,12.63,12.44,12.46,43565.0,54544.549
300209.SZ,20200514,12.5,12.66,12.41,12.47,38842.78,48656.831
300209.SZ,20200513,12.67,12.67,12.38,12.55,44877.73,56133.16
300209.SZ,20200512,12.84,12.9,12.49,12.7,51764.0,65482.427
300209.SZ,20200511,13.28,13.28,12.73,12.83,60105.31,77844.447
300209.SZ,20200508,12.88,13.2,12.81,13.06,63186.41,82546.831
300209.SZ,20200507,12.9,13.13,12.73,12.73,55527.45,71549.043
300209.SZ,20200506,12.49,12.96,12.46,12.93,61683.4,78973.455
300209.SZ,20200430,12.21,12.7,12.21,12.62,61143.58,76641.355
300209.SZ,20200429,12.08,12.34,11.9,12.25,46265.95,56451.689
300209.SZ,20200428,12.48,12.58,11.71,12.08,91277.57,110466.938
300209.SZ,20200427,12.73,12.81,12.57,12.79,48642.95,61699.609
300209.SZ,20200424,13.09,13.23,12.72,12.73,59980.58,77593.379
300209.SZ,20200423,13.66,13.66,13.03,13.08,91518.41,121455.463
300209.SZ,20200422,13.39,13.68,13.3,13.66,46102.0,62220.481
300209.SZ,20200421,13.59,13.61,13.22,13.56,60253.93,81007.063
300209.SZ,20200420,13.89,13.89,13.42,13.69,75240.67,102327.452
300209.SZ,20200417,14.1,14.23,13.82,13.82,63513.89,88857.803
300209.SZ,20200416,13.9,14.06,13.82,14.02,46276.55,64553.961
300209.SZ,20200415,14.09,14.18,13.87,13.94,52391.39,73299.589
300209.SZ,20200414,13.6,14.11,13.47,14.09,59766.98,83319.194
300209.SZ,20200413,13.62,13.8,13.33,13.48,51370.94,69288.926
300209.SZ,20200410,14.0,14.37,13.55,13.84,94230.01,131407.139
300209.SZ,20200409,13.75,13.96,13.6,13.77,56006.63,77120.239
300209.SZ,20200408,13.59,13.95,13.48,13.76,54321.69,74412.54
300209.SZ,20200407,13.33,13.65,13.27,13.53,51355.82,69164.282
300209.SZ,20200403,13.35,13.45,12.99,13.07,42299.0,55746.662
300209.SZ,20200402,12.86,13.46,12.8,13.43,49376.96,65000.235
300209.SZ,20200401,12.9,13.2,12.81,12.93,38655.34,50449.927
300209.SZ,20200331,13.2,13.31,12.85,12.92,48893.55,63862.714
300209.SZ,20200330,13.76,13.76,13.02,13.07,75882.02,100798.823
300209.SZ,20200327,14.69,14.82,14.01,14.05,77312.35,111172.206
300209.SZ,20200326,14.8,14.99,14.42,14.55,72607.92,106695.065
300209.SZ,20200325,14.85,15.2,14.7,14.94,126076.89,188323.03
300209.SZ,20200324,14.3,14.62,14.02,14.62,74857.59,107165.402
300209.SZ,20200323,13.88,14.62,13.81,14.0,70125.61,99681.815
300209.SZ,20200320,14.4,14.47,13.96,14.29,59171.0,84282.446
300209.SZ,20200319,13.8,14.33,13.65,14.19,71996.01,100593.308
300209.SZ,20200318,14.12,14.47,13.63,13.71,84578.73,119438.439
300209.SZ,20200317,14.18,14.4,13.42,14.0,76585.74,107140.78
300209.SZ,20200316,15.37,15.67,13.72,13.96,128128.91,188461.837
300209.SZ,20200313,14.65,15.69,14.51,15.24,109142.17,165117.488
300209.SZ,20200312,15.45,15.8,15.12,15.54,118938.31,183757.094
300209.SZ,20200311,16.5,16.66,15.9,15.93,187422.26,304843.423
300209.SZ,20200310,15.01,16.89,14.61,16.69,263345.17,422637.404
300209.SZ,20200309,15.07,16.05,14.92,15.51,167821.33,261535.868
300209.SZ,20200306,15.1,15.58,14.99,15.4,90504.77,138788.738
300209.SZ,20200305,16.15,16.24,15.23,15.34,131393.68,204873.805
300209.SZ,20200304,15.36,15.93,15.0,15.66,120732.06,187279.356
300209.SZ,20200303,15.85,16.37,15.48,15.78,165902.81,264562.556
300209.SZ,20200302,14.57,15.64,14.51,15.45,124488.58,188174.655
300209.SZ,20200228,15.03,15.38,14.26,14.37,146244.31,216311.764
300209.SZ,20200227,15.64,16.19,15.22,15.84,143488.53,225938.919
300209.SZ,20200226,16.65,16.7,15.34,15.49,210429.91,340015.456
300209.SZ,20200225,15.85,17.38,15.15,17.04,243999.47,393447.374
300209.SZ,20200224,15.54,16.59,15.54,16.2,181037.66,291149.747
300209.SZ,20200221,14.96,15.84,14.92,15.44,156773.67,241552.289
300209.SZ,20200220,14.5,15.07,14.27,15.02,135529.51,198987.831
300209.SZ,20200219,14.64,14.71,14.37,14.47,105212.3,152803.762
300209.SZ,20200218,14.29,14.73,14.14,14.65,127153.08,183342.464
300209.SZ,20200217,13.9,14.37,13.83,14.3,111152.03,157500.47
300209.SZ,20200214,13.7,14.15,13.61,13.83,91173.8,126622.026
300209.SZ,20200213,13.61,13.99,13.5,13.75,95343.69,131096.716
300209.SZ,20200212,13.39,13.78,13.28,13.69,89823.82,121820.363
300209.SZ,20200211,13.58,13.6,13.19,13.34,70040.81,93796.738
300209.SZ,20200210,13.45,13.74,13.32,13.61,93333.0,126470.795
300209.SZ,20200207,12.95,13.57,12.7,13.5,108964.47,143917.914
300209.SZ,20200206,12.5,13.05,12.29,12.93,115446.17,147224.048
300209.SZ,20200205,12.38,12.84,12.32,12.47,109743.49,137842.092
300209.SZ,20200204,11.62,12.38,11.62,12.32,149930.63,181238.037
300209.SZ,20200203,12.91,12.91,12.91,12.91,5583.0,7207.653
300209.SZ,20200123,15.6,15.66,14.34,14.34,87579.71,128671.18
300209.SZ,20200122,15.63,16.04,15.22,15.93,69333.78,108226.796
300209.SZ,20200121,16.0,16.23,15.62,15.7,61108.44,97119.812
300209.SZ,20200120,15.88,16.23,15.48,16.03,80323.44,127128.935
300209.SZ,20200117,15.95,16.01,15.6,15.72,58502.9,92318.894
300209.SZ,20200116,16.16,16.24,15.79,15.88,74309.3,118729.616
300209.SZ,20200115,16.16,16.28,15.77,16.25,94552.84,152199.766
300209.SZ,20200114,16.32,16.41,15.95,15.97,135657.14,219715.58
300209.SZ,20200113,15.01,16.59,15.01,16.44,187641.57,298815.78
300209.SZ,20200110,14.86,15.66,14.86,15.3,135774.2,207295.665
300209.SZ,20200109,14.75,15.19,14.75,14.87,90991.71,135855.446
300209.SZ,20200108,14.7,14.83,14.35,14.44,67078.13,97935.536
300209.SZ,20200107,14.85,15.03,14.7,14.89,69526.66,103190.33
300209.SZ,20200106,14.4,14.89,14.31,14.86,84316.68,123827.094
300209.SZ,20200103,14.65,14.77,14.44,14.6,78854.48,115110.876
300209.SZ,20200102,14.1,14.67,13.99,14.6,101333.4,145628.316
