ts_code,trade_date,open,high,low,close,vol,amount
600328.SH,20260416,8.4,8.62,8.37,8.58,263479.14,223998.455
600328.SH,20260415,8.6,8.63,8.34,8.4,271664.1,229395.386
600328.SH,20260414,8.83,8.87,8.47,8.61,340334.9,292372.595
600328.SH,20260413,8.8,9.03,8.7,8.83,254895.0,225193.307
600328.SH,20260410,8.88,9.07,8.85,8.92,243719.12,218068.406
600328.SH,20260409,8.73,8.82,8.63,8.75,208134.01,181642.841
600328.SH,20260408,8.58,8.87,8.5,8.82,255142.14,223091.333
600328.SH,20260407,8.33,8.79,8.29,8.69,313786.96,269757.642
600328.SH,20260403,8.57,8.63,8.09,8.3,355905.26,294554.683
600328.SH,20260402,8.76,8.87,8.47,8.56,229349.56,198571.954
600328.SH,20260401,8.82,8.89,8.63,8.79,308796.4,271128.417
600328.SH,20260331,9.31,9.35,8.66,8.67,553530.17,494504.665
600328.SH,20260330,9.64,9.7,9.23,9.37,388233.39,364463.643
600328.SH,20260327,9.2,9.89,9.16,9.68,608118.1,586916.632
600328.SH,20260326,9.51,9.66,9.24,9.29,420225.94,394744.347
600328.SH,20260325,9.65,9.76,9.46,9.55,606940.9,581615.496
600328.SH,20260324,10.13,10.18,9.25,9.77,876769.76,849640.63
600328.SH,20260323,9.9,10.56,9.8,10.13,744711.52,763330.845
600328.SH,20260320,10.26,10.57,10.04,10.11,525311.67,539539.662
600328.SH,20260319,10.46,10.48,10.02,10.25,656493.52,676086.677
600328.SH,20260318,10.17,10.55,9.83,10.48,957002.93,988829.832
600328.SH,20260317,9.84,10.63,9.77,10.37,1099469.53,1122336.014
600328.SH,20260316,10.25,10.64,9.85,9.9,802854.55,818841.785
600328.SH,20260313,10.2,10.42,10.09,10.14,834275.77,853954.353
600328.SH,20260312,10.1,10.48,9.87,10.41,1683218.77,1723053.852
600328.SH,20260311,9.06,9.94,8.99,9.94,930590.17,895472.485
600328.SH,20260310,9.2,9.35,9.02,9.04,461745.37,422154.451
600328.SH,20260309,9.75,9.88,9.27,9.38,469979.29,445424.429
600328.SH,20260306,9.3,9.75,9.18,9.62,486547.56,460716.887
600328.SH,20260305,9.32,9.37,9.15,9.27,285225.82,264156.473
600328.SH,20260304,9.3,9.5,9.16,9.2,395981.91,368302.94
600328.SH,20260303,9.79,9.9,9.34,9.42,438198.03,418160.569
600328.SH,20260302,9.81,9.91,9.58,9.74,410600.02,399435.82
600328.SH,20260227,9.5,9.91,9.42,9.75,465612.32,449515.571
600328.SH,20260226,9.63,9.76,9.46,9.57,374302.23,359070.74
600328.SH,20260225,9.31,9.65,9.3,9.46,423018.09,402792.207
600328.SH,20260224,8.95,9.42,8.93,9.31,341639.16,314613.614
600328.SH,20260213,9.07,9.07,8.83,8.84,200680.54,179236.527
600328.SH,20260212,9.09,9.18,9.01,9.07,193497.57,175796.327
600328.SH,20260211,9.0,9.23,8.97,9.11,228442.38,208611.828
600328.SH,20260210,8.92,9.13,8.81,9.04,239846.25,215563.964
600328.SH,20260209,8.9,9.07,8.83,8.97,234942.28,210190.55
600328.SH,20260206,8.61,9.0,8.52,8.83,270045.9,238853.79
600328.SH,20260205,8.85,8.92,8.64,8.64,213112.39,186330.547
600328.SH,20260204,8.85,8.94,8.64,8.88,192476.54,169732.879
600328.SH,20260203,8.67,8.82,8.59,8.81,243434.26,212356.283
600328.SH,20260202,9.14,9.14,8.53,8.55,442022.52,388205.029
600328.SH,20260130,9.03,9.31,8.84,9.23,462275.45,419682.556
600328.SH,20260129,9.25,9.4,9.14,9.25,373253.04,345873.844
600328.SH,20260128,9.05,9.42,8.96,9.25,486503.18,450282.415
600328.SH,20260127,9.07,9.23,8.85,9.06,362155.43,326975.742
600328.SH,20260126,9.18,9.46,9.09,9.12,394136.85,364068.152
600328.SH,20260123,9.01,9.25,8.94,9.12,382749.29,348352.642
600328.SH,20260122,8.96,9.09,8.87,9.01,287093.15,257996.591
600328.SH,20260121,8.91,9.12,8.83,8.96,431839.45,387451.709
600328.SH,20260120,8.76,8.95,8.7,8.91,394431.82,347850.587
600328.SH,20260119,8.32,8.82,8.29,8.73,466260.27,401554.509
600328.SH,20260116,8.54,8.55,8.31,8.33,262824.1,220681.516
600328.SH,20260115,8.42,8.62,8.42,8.52,198481.97,169505.994
600328.SH,20260114,8.51,8.67,8.41,8.5,345303.19,295671.214
600328.SH,20260113,8.55,8.68,8.41,8.55,323036.43,276082.783
600328.SH,20260112,8.51,8.59,8.4,8.56,294479.69,249907.676
600328.SH,20260109,8.5,8.55,8.41,8.46,214440.42,181688.913
600328.SH,20260108,8.56,8.63,8.49,8.52,193640.8,165393.984
600328.SH,20260107,8.56,8.85,8.55,8.66,338865.16,293752.703
600328.SH,20260106,8.25,8.59,8.24,8.55,328867.55,278521.686
600328.SH,20260105,8.25,8.31,8.18,8.23,162538.1,133730.901
600328.SH,20251231,8.37,8.42,8.17,8.24,152071.59,125520.141
600328.SH,20251230,8.3,8.46,8.16,8.35,235229.72,195648.794
600328.SH,20251229,8.12,8.48,8.1,8.36,430870.08,359941.551
600328.SH,20251226,8.02,8.1,8.01,8.07,147542.06,118814.297
600328.SH,20251225,8.04,8.08,7.98,8.04,108914.2,87522.094
600328.SH,20251224,8.01,8.07,7.95,8.06,106667.71,85409.781
600328.SH,20251223,8.01,8.08,7.96,8.01,88391.32,70768.653
600328.SH,20251222,8.04,8.1,8.0,8.0,107424.6,86400.808
600328.SH,20251219,7.88,8.08,7.88,8.05,197876.36,158420.323
600328.SH,20251218,7.85,8.05,7.8,7.88,168376.5,133539.724
600328.SH,20251217,7.81,7.88,7.76,7.83,93323.65,72957.172
600328.SH,20251216,7.93,7.94,7.75,7.83,121235.84,94567.454
600328.SH,20251215,7.74,8.0,7.71,7.91,175606.61,138203.15
600328.SH,20251212,7.84,7.87,7.74,7.77,147773.0,115039.222
600328.SH,20251211,7.91,7.96,7.79,7.79,144002.3,113404.153
600328.SH,20251210,7.87,7.92,7.82,7.88,131464.5,103475.148
600328.SH,20251209,8.08,8.08,7.88,7.9,235128.41,187315.324
600328.SH,20251208,8.24,8.26,8.06,8.09,232668.35,188706.971
600328.SH,20251205,8.19,8.27,8.14,8.24,138054.0,113339.527
600328.SH,20251204,8.29,8.35,8.06,8.16,251684.99,205182.798
600328.SH,20251203,8.46,8.47,8.28,8.33,152679.37,127707.55
600328.SH,20251202,8.42,8.47,8.36,8.44,113755.31,95705.82
600328.SH,20251201,8.44,8.72,8.4,8.48,202677.56,172808.995
600328.SH,20251128,8.33,8.5,8.28,8.4,147780.2,124252.176
600328.SH,20251127,8.39,8.42,8.28,8.34,184706.25,154361.6
600328.SH,20251126,8.29,8.63,8.23,8.37,305885.3,256575.608
600328.SH,20251125,8.23,8.35,8.14,8.29,237741.13,195800.083
600328.SH,20251124,8.33,8.37,8.18,8.22,254999.6,211050.719
600328.SH,20251121,8.7,8.7,8.27,8.28,544955.78,460422.38
600328.SH,20251120,8.99,9.34,8.8,8.82,689803.09,621963.373
600328.SH,20251119,8.66,9.05,8.66,9.01,494208.77,438386.217
600328.SH,20251118,8.94,9.04,8.68,8.72,340528.69,299548.557
600328.SH,20251117,8.78,9.1,8.68,8.9,455868.65,404252.635
600328.SH,20251114,8.73,8.96,8.72,8.8,353481.58,312744.009
600328.SH,20251113,8.67,9.01,8.63,8.86,514485.66,456318.657
600328.SH,20251112,8.55,8.75,8.37,8.64,355525.38,305369.28
600328.SH,20251111,8.57,8.66,8.48,8.58,301226.83,257984.661
600328.SH,20251110,8.43,8.8,8.38,8.57,647659.05,559597.376
600328.SH,20251107,8.04,8.34,8.01,8.28,476444.01,391233.347
600328.SH,20251106,7.96,8.09,7.96,8.04,191901.1,154213.934
600328.SH,20251105,7.91,8.0,7.88,7.96,116846.26,92933.72
600328.SH,20251104,8.01,8.07,7.9,7.93,154130.58,123155.165
600328.SH,20251103,8.05,8.09,7.94,8.01,202352.45,162111.288
600328.SH,20251031,7.82,7.97,7.82,7.93,157840.7,125110.547
600328.SH,20251030,7.91,7.97,7.81,7.87,208903.33,164754.039
600328.SH,20251029,7.74,8.08,7.71,7.96,266545.43,210188.247
600328.SH,20251028,7.79,7.8,7.73,7.74,94291.42,73205.599
600328.SH,20251027,7.8,7.83,7.77,7.78,151410.72,118094.301
600328.SH,20251024,7.87,7.93,7.78,7.81,154564.1,120919.501
600328.SH,20251023,7.81,7.91,7.76,7.9,121981.35,95612.364
600328.SH,20251022,7.84,7.93,7.81,7.82,126664.81,99486.494
600328.SH,20251021,7.78,7.88,7.78,7.84,107513.3,84365.342
600328.SH,20251020,7.8,7.82,7.72,7.77,96192.88,74614.57
600328.SH,20251017,7.84,7.9,7.71,7.75,134117.3,104578.206
600328.SH,20251016,7.94,7.95,7.8,7.84,130770.72,102678.314
600328.SH,20251015,7.91,8.02,7.9,7.93,164424.26,130744.701
600328.SH,20251014,8.0,8.07,7.9,7.93,174639.74,139403.672
600328.SH,20251013,7.75,8.02,7.72,8.01,200275.5,158492.663
600328.SH,20251010,8.0,8.13,7.96,8.09,242068.52,195444.876
600328.SH,20251009,7.82,8.03,7.8,8.01,257549.27,205137.526
600328.SH,20250930,7.75,7.8,7.7,7.77,99599.01,77379.271
600328.SH,20250929,7.67,7.77,7.57,7.75,120814.29,92773.799
600328.SH,20250926,7.64,7.7,7.6,7.66,80217.33,61535.522
600328.SH,20250925,7.68,7.69,7.57,7.66,94255.35,71956.246
600328.SH,20250924,7.57,7.66,7.52,7.65,94566.17,71829.513
600328.SH,20250923,7.67,7.67,7.47,7.56,155095.48,117033.202
600328.SH,20250922,7.79,7.79,7.63,7.69,148341.9,114057.806
600328.SH,20250919,7.75,7.9,7.73,7.78,136216.36,106073.429
600328.SH,20250918,7.92,7.94,7.72,7.77,216992.26,170089.655
600328.SH,20250917,7.95,7.97,7.89,7.92,162525.15,128830.494
600328.SH,20250916,8.02,8.06,7.84,7.93,230405.14,182582.845
600328.SH,20250915,7.99,8.04,7.86,7.88,172477.99,136643.0
600328.SH,20250912,7.96,8.06,7.88,7.96,247229.19,196781.565
600328.SH,20250911,7.99,7.99,7.89,7.96,220743.88,174956.267
600328.SH,20250910,8.13,8.14,7.94,8.0,199571.68,159856.202
600328.SH,20250909,8.17,8.24,8.1,8.15,196208.0,160209.366
600328.SH,20250908,7.98,8.22,7.91,8.16,252389.68,204488.382
600328.SH,20250905,7.75,7.99,7.74,7.98,165166.26,130273.819
600328.SH,20250904,7.74,7.82,7.64,7.75,142450.71,110429.33
600328.SH,20250903,7.97,7.99,7.75,7.78,172819.87,135451.877
600328.SH,20250902,8.11,8.11,7.91,7.95,182451.52,145506.798
600328.SH,20250901,8.14,8.18,8.05,8.11,181032.23,146618.724
600328.SH,20250829,8.14,8.22,8.1,8.15,180824.42,147568.653
600328.SH,20250828,8.11,8.18,7.94,8.12,211585.49,170922.592
600328.SH,20250827,8.38,8.38,8.1,8.12,271841.05,223735.123
600328.SH,20250826,8.31,8.44,8.27,8.39,236626.26,197894.272
600328.SH,20250825,8.22,8.37,8.19,8.32,300341.02,249611.922
600328.SH,20250822,8.28,8.28,8.12,8.22,249242.32,204172.521
600328.SH,20250821,8.13,8.37,8.09,8.3,362701.23,299083.834
600328.SH,20250820,7.95,8.13,7.95,8.12,257684.76,208053.603
600328.SH,20250819,7.95,8.05,7.95,7.99,153359.3,122643.887
600328.SH,20250818,8.01,8.04,7.94,7.98,198927.28,158730.591
600328.SH,20250815,7.86,8.02,7.86,8.01,168925.62,134759.583
600328.SH,20250814,8.0,8.02,7.84,7.84,198639.97,157288.455
600328.SH,20250813,8.1,8.1,7.97,8.01,182122.17,146247.801
600328.SH,20250812,8.0,8.17,7.97,8.08,234511.34,189499.805
600328.SH,20250811,7.95,8.02,7.88,8.02,159535.23,127022.644
600328.SH,20250808,7.99,8.03,7.92,7.95,190045.82,151474.431
600328.SH,20250807,8.13,8.13,7.97,8.01,198518.7,159178.63
600328.SH,20250806,7.99,8.17,7.92,8.15,277065.25,223785.749
600328.SH,20250805,7.85,8.0,7.83,7.91,181078.27,143003.442
600328.SH,20250804,7.81,7.89,7.79,7.86,137332.45,107570.149
600328.SH,20250801,7.84,7.94,7.8,7.89,125720.82,99191.343
600328.SH,20250731,8.02,8.07,7.81,7.85,260218.82,205567.158
600328.SH,20250730,8.14,8.24,8.0,8.07,250831.61,203781.47
600328.SH,20250729,8.19,8.22,8.03,8.11,219967.03,178092.439
600328.SH,20250728,8.28,8.37,8.14,8.19,333197.19,274196.884
600328.SH,20250725,8.53,8.78,8.41,8.45,572702.94,492178.601
600328.SH,20250724,8.21,8.55,8.18,8.52,376340.2,315524.133
600328.SH,20250723,8.46,8.49,8.18,8.21,336540.24,279524.519
600328.SH,20250722,8.33,8.5,8.14,8.48,528876.17,442072.459
600328.SH,20250721,8.09,8.48,8.09,8.29,599437.04,499011.983
600328.SH,20250718,7.65,8.19,7.65,8.04,533149.26,422869.894
600328.SH,20250717,7.61,7.64,7.57,7.64,131933.1,100385.653
600328.SH,20250716,7.74,7.75,7.61,7.61,191688.78,146741.433
600328.SH,20250715,7.85,7.85,7.62,7.74,407986.01,314732.649
600328.SH,20250714,7.94,8.09,7.94,8.06,262134.65,210865.531
600328.SH,20250711,7.82,8.03,7.77,7.91,305428.91,241936.758
600328.SH,20250710,7.8,7.87,7.74,7.84,208002.3,162199.176
600328.SH,20250709,7.67,7.77,7.66,7.69,130047.23,100298.96
600328.SH,20250708,7.64,7.68,7.61,7.67,98446.83,75307.316
600328.SH,20250707,7.65,7.67,7.63,7.65,74455.91,56941.061
600328.SH,20250704,7.69,7.71,7.63,7.66,130497.71,100040.27
600328.SH,20250703,7.7,7.79,7.68,7.71,123808.03,95319.565
600328.SH,20250702,7.68,7.81,7.65,7.77,215235.67,166367.079
600328.SH,20250701,7.63,7.67,7.56,7.67,142633.35,108579.228
600328.SH,20250630,7.65,7.76,7.63,7.65,166504.27,127748.732
600328.SH,20250627,7.77,7.9,7.67,7.69,319672.91,247935.47
600328.SH,20250626,7.42,7.96,7.37,7.73,431194.42,329258.65
600328.SH,20250625,7.42,7.43,7.35,7.43,158070.16,116927.056
600328.SH,20250624,7.38,7.43,7.33,7.42,194241.58,143287.59
600328.SH,20250623,7.3,7.44,7.25,7.44,240420.98,177130.126
600328.SH,20250620,7.94,7.94,7.44,7.5,576838.89,438522.267
600328.SH,20250619,7.3,7.3,7.16,7.23,105486.01,76119.084
600328.SH,20250618,7.33,7.35,7.26,7.28,93981.65,68612.28
600328.SH,20250617,7.37,7.4,7.31,7.33,142102.47,104481.203
600328.SH,20250616,7.23,7.39,7.21,7.36,201414.37,147068.04
600328.SH,20250613,7.19,7.4,7.14,7.28,252195.73,183289.855
600328.SH,20250612,7.16,7.19,7.13,7.19,86984.49,62294.979
600328.SH,20250611,7.16,7.19,7.13,7.16,74904.78,53731.981
600328.SH,20250610,7.2,7.2,7.1,7.15,69124.28,49426.194
600328.SH,20250609,7.15,7.19,7.15,7.18,68940.86,49406.244
600328.SH,20250606,7.16,7.2,7.13,7.15,56241.32,40300.126
600328.SH,20250605,7.12,7.23,7.09,7.16,115264.15,82443.876
600328.SH,20250604,7.09,7.12,7.07,7.12,79208.36,56244.019
600328.SH,20250603,7.08,7.1,7.05,7.08,53726.11,38023.704
600328.SH,20250530,7.08,7.09,7.06,7.08,47521.64,33609.808
600328.SH,20250529,7.06,7.12,7.05,7.1,79399.62,56303.14
600328.SH,20250528,7.11,7.13,7.06,7.07,42502.4,30108.712
600328.SH,20250527,7.05,7.12,7.02,7.11,71932.06,50846.424
600328.SH,20250526,7.06,7.07,7.01,7.04,50460.8,35538.759
600328.SH,20250523,7.07,7.1,7.03,7.06,72452.75,51207.47
600328.SH,20250522,7.14,7.14,7.05,7.08,77309.4,54716.171
600328.SH,20250521,7.15,7.17,7.14,7.15,64527.07,46151.016
600328.SH,20250520,7.14,7.16,7.11,7.14,60991.6,43519.498
600328.SH,20250519,7.11,7.15,7.07,7.14,78738.65,56071.971
600328.SH,20250516,7.06,7.23,7.06,7.11,110541.04,78901.796
600328.SH,20250515,7.12,7.18,7.06,7.07,75695.1,53804.652
600328.SH,20250514,7.05,7.14,7.04,7.12,85592.6,60704.133
600328.SH,20250513,7.09,7.1,7.03,7.08,118736.94,83921.781
600328.SH,20250512,7.14,7.17,7.11,7.15,78812.46,56271.965
600328.SH,20250509,7.16,7.17,7.1,7.12,71804.5,51180.101
600328.SH,20250508,7.16,7.17,7.11,7.15,78098.84,55790.026
600328.SH,20250507,7.12,7.18,7.1,7.17,129706.95,92738.632
600328.SH,20250506,7.03,7.08,7.03,7.08,80440.76,56803.941
600328.SH,20250430,7.06,7.08,7.01,7.01,90829.5,63918.728
600328.SH,20250429,7.05,7.09,6.99,7.06,91405.19,64508.677
600328.SH,20250428,7.19,7.21,7.12,7.13,67944.4,48521.255
600328.SH,20250425,7.17,7.21,7.15,7.18,64085.65,46013.056
600328.SH,20250424,7.18,7.23,7.15,7.16,78215.7,56224.947
600328.SH,20250423,7.25,7.25,7.18,7.2,97939.3,70583.079
600328.SH,20250422,7.11,7.34,7.1,7.21,177425.26,128114.76
600328.SH,20250421,7.04,7.08,7.02,7.07,60612.31,42770.185
600328.SH,20250418,7.06,7.08,7.02,7.04,59006.7,41533.933
600328.SH,20250417,7.06,7.13,7.04,7.08,69768.7,49515.269
600328.SH,20250416,7.07,7.11,6.98,7.09,109029.61,76919.018
600328.SH,20250415,7.1,7.12,7.06,7.1,79724.43,56479.499
600328.SH,20250414,7.11,7.14,7.08,7.12,94754.92,67416.485
600328.SH,20250411,7.09,7.13,7.05,7.08,99522.3,70547.785
600328.SH,20250410,7.1,7.16,7.05,7.1,165212.8,117522.302
600328.SH,20250409,6.97,7.09,6.82,7.05,189497.62,132256.333
600328.SH,20250408,6.77,7.06,6.77,7.05,263243.16,183366.107
600328.SH,20250407,7.22,7.29,6.71,6.72,370913.87,258267.293
600328.SH,20250403,7.39,7.46,7.35,7.45,131917.73,97750.696
600328.SH,20250402,7.42,7.46,7.4,7.42,93213.1,69191.022
600328.SH,20250401,7.4,7.45,7.37,7.44,134368.9,99709.584
600328.SH,20250331,7.48,7.48,7.34,7.37,196601.8,145347.871
600328.SH,20250328,7.75,7.78,7.48,7.49,340982.73,258760.891
600328.SH,20250327,7.83,7.93,7.79,7.8,272188.28,213837.162
600328.SH,20250326,7.87,7.97,7.81,7.88,299673.3,236339.09
600328.SH,20250325,7.63,7.92,7.61,7.92,476314.49,372520.108
600328.SH,20250324,7.59,7.64,7.51,7.63,165989.94,125759.43
600328.SH,20250321,7.6,7.7,7.56,7.62,164244.24,125436.682
600328.SH,20250320,7.58,7.65,7.58,7.61,101021.4,76936.514
600328.SH,20250319,7.63,7.64,7.57,7.59,117562.0,89310.466
600328.SH,20250318,7.72,7.74,7.61,7.65,145050.0,111256.003
600328.SH,20250317,7.66,7.69,7.64,7.68,140668.07,107851.707
600328.SH,20250314,7.58,7.65,7.57,7.64,187282.09,142713.427
600328.SH,20250313,7.55,7.58,7.5,7.58,142290.21,107266.519
600328.SH,20250312,7.58,7.61,7.53,7.54,119638.79,90358.44
600328.SH,20250311,7.45,7.58,7.4,7.58,184090.64,138321.894
600328.SH,20250310,7.48,7.5,7.44,7.48,111482.31,83255.321
600328.SH,20250307,7.46,7.52,7.44,7.47,146347.25,109431.719
600328.SH,20250306,7.47,7.49,7.43,7.47,169735.89,126589.772
600328.SH,20250305,7.52,7.53,7.42,7.46,120651.45,89963.194
600328.SH,20250304,7.57,7.59,7.47,7.51,176504.38,132546.823
600328.SH,20250303,7.55,7.66,7.55,7.6,200490.03,152552.319
600328.SH,20250228,7.52,7.61,7.5,7.53,249035.93,188332.755
600328.SH,20250227,7.5,7.53,7.43,7.52,171772.6,128502.258
600328.SH,20250226,7.39,7.48,7.38,7.48,205394.9,152875.633
600328.SH,20250225,7.38,7.46,7.33,7.35,166087.76,122744.225
600328.SH,20250224,7.35,7.43,7.35,7.39,148488.61,109867.002
600328.SH,20250221,7.38,7.4,7.31,7.35,127804.7,93881.928
600328.SH,20250220,7.38,7.41,7.33,7.38,120747.37,88888.611
600328.SH,20250219,7.36,7.39,7.33,7.38,102820.34,75692.488
600328.SH,20250218,7.42,7.45,7.33,7.36,143380.03,106084.98
600328.SH,20250217,7.48,7.49,7.4,7.43,143948.0,106968.0
600328.SH,20250214,7.5,7.54,7.44,7.46,129997.39,97176.654
600328.SH,20250213,7.51,7.59,7.51,7.51,179039.09,135028.08
600328.SH,20250212,7.5,7.56,7.45,7.52,139975.45,105001.281
600328.SH,20250211,7.5,7.52,7.42,7.51,125480.0,93777.51
600328.SH,20250210,7.5,7.57,7.47,7.5,139600.51,104769.87
600328.SH,20250207,7.45,7.56,7.42,7.52,172891.78,129825.296
600328.SH,20250206,7.38,7.47,7.34,7.46,115600.1,85660.681
600328.SH,20250205,7.55,7.58,7.35,7.39,166180.35,123403.642
600328.SH,20250127,7.46,7.61,7.46,7.52,123964.89,93733.954
600328.SH,20250124,7.38,7.47,7.37,7.47,94106.3,69933.088
600328.SH,20250123,7.39,7.48,7.38,7.38,118706.0,88305.558
600328.SH,20250122,7.4,7.4,7.27,7.34,134032.96,98088.816
600328.SH,20250121,7.53,7.57,7.39,7.42,116397.1,86509.44
600328.SH,20250120,7.49,7.57,7.48,7.52,121662.66,91507.95
600328.SH,20250117,7.45,7.56,7.25,7.49,229115.45,170340.029
600328.SH,20250116,7.54,7.65,7.5,7.57,136082.23,103308.168
600328.SH,20250115,7.6,7.6,7.5,7.52,122086.4,91945.0
600328.SH,20250114,7.46,7.63,7.45,7.61,184385.51,139046.573
600328.SH,20250113,7.41,7.48,7.37,7.47,96761.95,71946.097
600328.SH,20250110,7.53,7.58,7.41,7.41,121390.83,90742.637
600328.SH,20250109,7.68,7.68,7.5,7.53,146852.97,111337.058
600328.SH,20250108,7.81,7.81,7.55,7.68,165739.81,126984.597
600328.SH,20250107,7.98,8.01,7.72,7.82,216041.36,169143.295
600328.SH,20250106,7.88,8.11,7.83,8.0,216320.5,172701.158
600328.SH,20250103,7.89,8.12,7.85,7.89,233180.75,185979.862
600328.SH,20250102,7.92,8.12,7.83,7.86,258754.38,207067.074
600328.SH,20241231,8.12,8.14,7.82,7.87,249629.23,198484.382
600328.SH,20241230,8.14,8.16,8.08,8.12,108052.49,87760.493
600328.SH,20241227,8.19,8.21,8.12,8.16,112450.0,91844.747
600328.SH,20241226,8.18,8.22,8.16,8.17,83959.6,68689.67
600328.SH,20241225,8.18,8.19,8.11,8.17,92935.18,75667.984
600328.SH,20241224,8.02,8.18,8.02,8.17,123513.84,100358.38
600328.SH,20241223,8.09,8.17,8.02,8.04,138339.3,111962.066
600328.SH,20241220,8.19,8.19,8.07,8.11,92278.44,74914.272
600328.SH,20241219,8.15,8.18,8.02,8.16,137720.79,111600.968
600328.SH,20241218,8.19,8.3,8.17,8.19,130578.7,107624.604
600328.SH,20241217,8.27,8.29,8.12,8.15,151239.59,123836.029
600328.SH,20241216,8.26,8.35,8.23,8.27,137070.92,113373.518
600328.SH,20241213,8.47,8.47,8.28,8.29,238904.79,199516.824
600328.SH,20241212,8.46,8.53,8.38,8.5,195329.16,165562.63
600328.SH,20241211,8.39,8.54,8.35,8.46,210775.23,178401.693
600328.SH,20241210,8.59,8.61,8.36,8.38,243712.1,206333.633
600328.SH,20241209,8.41,8.5,8.32,8.37,227004.9,190954.634
600328.SH,20241206,8.18,8.34,8.17,8.32,178485.03,147678.911
600328.SH,20241205,8.21,8.23,8.15,8.2,98007.17,80317.079
600328.SH,20241204,8.31,8.32,8.17,8.21,135019.5,111327.334
600328.SH,20241203,8.33,8.36,8.25,8.34,135035.06,112092.398
600328.SH,20241202,8.28,8.37,8.25,8.33,173285.0,144057.157
600328.SH,20241129,8.14,8.33,8.09,8.28,201557.61,166126.836
600328.SH,20241128,8.12,8.2,8.11,8.14,144774.56,118180.286
600328.SH,20241127,8.08,8.17,7.88,8.16,200666.9,160860.089
600328.SH,20241126,8.15,8.19,8.1,8.12,110622.68,89998.579
600328.SH,20241125,8.11,8.27,8.06,8.15,157798.39,128643.619
600328.SH,20241122,8.46,8.49,8.09,8.11,234098.46,193728.521
600328.SH,20241121,8.5,8.59,8.38,8.45,171421.96,145177.345
600328.SH,20241120,8.4,8.52,8.36,8.48,214811.82,181762.187
600328.SH,20241119,8.36,8.41,8.24,8.41,196214.43,163321.398
600328.SH,20241118,8.34,8.52,8.28,8.33,246502.93,207319.797
600328.SH,20241115,8.4,8.53,8.27,8.29,206959.91,173954.854
600328.SH,20241114,8.61,8.74,8.4,8.44,262318.41,224515.309
600328.SH,20241113,8.58,8.72,8.54,8.64,202969.14,174862.963
600328.SH,20241112,8.71,8.85,8.53,8.61,341004.28,297092.337
600328.SH,20241111,8.59,8.73,8.53,8.72,296344.11,255741.462
600328.SH,20241108,8.92,8.92,8.6,8.69,362325.52,316251.028
600328.SH,20241107,8.48,8.8,8.41,8.8,411921.97,358357.522
600328.SH,20241106,8.48,8.58,8.39,8.48,348703.74,295544.704
600328.SH,20241105,8.34,8.48,8.3,8.48,337972.4,284151.361
600328.SH,20241104,8.43,8.44,8.25,8.34,289547.68,240439.138
600328.SH,20241101,8.4,8.61,8.31,8.41,357889.24,302889.336
600328.SH,20241031,8.37,8.5,8.32,8.45,358433.48,301353.766
600328.SH,20241030,8.58,8.62,8.25,8.39,471978.25,395588.192
600328.SH,20241029,8.99,8.99,8.65,8.73,385104.3,337826.597
600328.SH,20241028,8.46,9.19,8.45,8.99,716555.62,637932.794
600328.SH,20241025,8.09,8.5,8.09,8.46,460778.41,384544.224
600328.SH,20241024,8.15,8.16,8.0,8.08,189955.0,153472.614
600328.SH,20241023,8.06,8.21,8.03,8.19,297484.45,241471.177
600328.SH,20241022,7.98,8.05,7.93,8.04,248367.08,198483.58
600328.SH,20241021,8.05,8.24,7.87,8.0,412153.33,331218.636
600328.SH,20241018,7.87,8.08,7.77,7.98,302477.42,239591.248
600328.SH,20241017,8.09,8.15,7.87,7.89,176266.93,140994.465
600328.SH,20241016,8.01,8.17,7.97,8.08,118316.94,95766.338
600328.SH,20241015,8.25,8.26,8.06,8.06,196504.01,160279.901
600328.SH,20241014,8.18,8.3,8.07,8.27,199360.82,163304.693
600328.SH,20241011,8.38,8.41,8.01,8.11,236015.43,193508.579
600328.SH,20241010,8.22,8.7,8.12,8.39,317233.17,266196.916
600328.SH,20241009,8.7,8.71,8.15,8.15,426824.81,359293.676
600328.SH,20241008,9.57,9.57,8.6,8.93,682385.59,615465.095
600328.SH,20240930,8.34,8.81,8.25,8.7,599491.21,512557.561
600328.SH,20240927,8.0,8.18,7.99,8.11,218025.12,176031.54
600328.SH,20240926,7.6,7.94,7.59,7.92,266508.01,208160.607
600328.SH,20240925,7.51,7.91,7.51,7.64,305149.03,236771.4
600328.SH,20240924,7.04,7.39,7.04,7.39,183286.2,132591.126
600328.SH,20240923,7.05,7.07,6.97,6.99,54050.5,37846.442
600328.SH,20240920,7.13,7.13,7.0,7.05,66998.64,47194.009
600328.SH,20240919,6.93,7.15,6.9,7.11,82005.7,57835.422
600328.SH,20240918,7.0,7.03,6.79,6.9,96757.58,66612.278
600328.SH,20240913,7.1,7.12,7.02,7.05,53297.91,37612.254
600328.SH,20240912,7.11,7.19,7.07,7.08,59686.1,42439.612
600328.SH,20240911,7.15,7.2,7.08,7.12,62070.7,44363.569
600328.SH,20240910,7.29,7.33,7.07,7.17,119389.4,85392.41
600328.SH,20240909,7.3,7.35,7.26,7.31,58769.0,42948.264
600328.SH,20240906,7.41,7.42,7.31,7.34,72418.7,53252.71
600328.SH,20240905,7.48,7.53,7.38,7.42,105348.32,78251.327
600328.SH,20240904,7.42,7.57,7.38,7.48,104272.6,78207.334
600328.SH,20240903,7.32,7.45,7.32,7.44,114301.2,84799.454
600328.SH,20240902,7.33,7.44,7.23,7.36,131713.3,96868.799
600328.SH,20240830,7.34,7.47,7.2,7.33,210493.46,154481.085
600328.SH,20240829,7.35,7.44,7.3,7.34,105427.66,77576.957
600328.SH,20240828,7.31,7.43,7.31,7.35,80434.14,59259.434
600328.SH,20240827,7.32,7.39,7.25,7.34,97421.36,71354.676
600328.SH,20240826,7.4,7.51,7.22,7.3,178845.59,131714.818
600328.SH,20240823,7.44,7.46,7.34,7.36,80269.84,59289.911
600328.SH,20240822,7.48,7.55,7.41,7.44,60651.49,45248.358
600328.SH,20240821,7.6,7.63,7.5,7.53,93541.74,70626.156
600328.SH,20240820,7.69,7.72,7.61,7.63,95883.67,73293.754
600328.SH,20240819,7.7,7.78,7.67,7.7,78462.02,60592.721
600328.SH,20240816,7.78,7.79,7.69,7.72,83619.04,64600.259
600328.SH,20240815,7.7,7.87,7.69,7.76,108428.13,84271.942
600328.SH,20240814,7.84,7.93,7.74,7.75,121300.28,94814.297
600328.SH,20240813,7.78,7.85,7.71,7.85,103485.01,80762.782
600328.SH,20240812,7.66,7.8,7.66,7.8,111437.91,86292.478
600328.SH,20240809,7.69,7.78,7.67,7.71,119092.47,92047.777
600328.SH,20240808,7.56,7.72,7.56,7.7,144189.87,110668.063
600328.SH,20240807,7.48,7.6,7.45,7.57,119274.75,90030.838
600328.SH,20240806,7.48,7.55,7.34,7.5,126845.09,94946.947
600328.SH,20240805,7.41,7.55,7.41,7.44,142929.12,107035.821
600328.SH,20240802,7.51,7.58,7.46,7.48,97211.5,73164.801
600328.SH,20240801,7.47,7.59,7.47,7.54,132863.45,100147.061
600328.SH,20240731,7.37,7.52,7.36,7.51,171543.22,128408.592
600328.SH,20240730,7.39,7.42,7.27,7.41,102142.58,75374.14
600328.SH,20240729,7.45,7.45,7.29,7.3,151412.3,111238.444
600328.SH,20240726,7.21,7.45,7.04,7.4,319396.06,233848.409
600328.SH,20240725,7.11,7.23,7.03,7.21,158077.44,113431.538
600328.SH,20240724,7.04,7.14,7.01,7.11,105303.75,74590.857
600328.SH,20240723,7.02,7.14,7.0,7.03,92085.8,65209.77
600328.SH,20240722,7.02,7.05,6.98,7.03,55747.85,39092.162
600328.SH,20240719,7.05,7.09,6.98,7.05,53557.4,37713.142
600328.SH,20240718,6.98,7.06,6.93,7.05,67372.1,47244.623
600328.SH,20240717,6.98,7.05,6.94,7.02,64038.97,44856.46
600328.SH,20240716,7.04,7.05,6.93,6.99,49584.87,34569.538
600328.SH,20240715,7.0,7.04,6.94,7.0,52083.1,36395.662
600328.SH,20240712,7.06,7.06,6.96,6.98,50674.3,35452.829
600328.SH,20240711,6.91,7.03,6.91,7.01,84533.18,59058.47
600328.SH,20240710,6.91,6.91,6.8,6.84,65869.29,45086.422
600328.SH,20240709,6.68,6.91,6.67,6.91,91446.01,62278.738
600328.SH,20240708,6.83,6.84,6.66,6.68,63671.3,42775.764
600328.SH,20240705,6.8,6.89,6.77,6.83,71622.54,48902.5
600328.SH,20240704,6.94,6.99,6.79,6.82,59008.39,40567.548
600328.SH,20240703,6.98,7.02,6.94,6.97,43042.41,30027.105
600328.SH,20240702,7.01,7.04,6.93,6.97,68242.54,47626.592
600328.SH,20240701,6.86,7.02,6.84,7.0,80888.4,56198.225
600328.SH,20240628,6.8,6.94,6.79,6.86,61383.82,42270.818
600328.SH,20240627,6.96,6.98,6.79,6.8,78992.85,54104.601
600328.SH,20240626,6.83,7.0,6.77,7.0,77406.44,53331.121
600328.SH,20240625,6.71,6.89,6.71,6.83,69437.21,47353.33
600328.SH,20240624,6.83,6.87,6.67,6.74,91171.1,61637.306
600328.SH,20240621,6.92,7.0,6.9,6.9,61813.13,42852.965
600328.SH,20240620,7.04,7.08,6.93,6.93,84505.84,58999.985
600328.SH,20240619,7.14,7.2,7.05,7.05,81989.1,58168.248
600328.SH,20240618,7.09,7.21,7.08,7.14,65199.8,46538.126
600328.SH,20240617,7.09,7.21,7.09,7.12,55300.46,39484.042
600328.SH,20240614,7.16,7.2,7.05,7.19,66578.8,47496.357
600328.SH,20240613,7.27,7.3,7.12,7.14,108104.32,77672.986
600328.SH,20240612,7.32,7.34,7.23,7.31,70102.1,51105.303
600328.SH,20240611,7.32,7.35,7.23,7.31,71296.04,52005.735
600328.SH,20240607,7.29,7.36,7.27,7.35,72837.55,53274.598
600328.SH,20240606,7.31,7.38,7.22,7.27,100734.5,73418.913
600328.SH,20240605,7.45,7.48,7.3,7.32,81713.9,60349.581
600328.SH,20240604,7.35,7.51,7.27,7.5,99653.7,73779.521
600328.SH,20240603,7.47,7.49,7.29,7.35,128218.36,94446.107
600328.SH,20240531,7.64,7.68,7.49,7.49,161767.8,122216.272
600328.SH,20240530,7.67,7.92,7.61,7.65,235927.71,183291.617
600328.SH,20240529,7.58,7.78,7.55,7.68,103334.87,79132.043
600328.SH,20240528,7.68,7.72,7.58,7.59,96607.25,73893.231
600328.SH,20240527,7.64,7.7,7.55,7.7,116333.09,88633.449
600328.SH,20240524,7.58,7.69,7.56,7.6,93705.06,71396.344
600328.SH,20240523,7.82,7.82,7.55,7.58,180585.59,137973.358
600328.SH,20240522,8.14,8.16,8.01,8.05,144640.04,116785.843
600328.SH,20240521,8.29,8.29,8.11,8.14,151612.25,124115.763
600328.SH,20240520,8.15,8.28,8.13,8.25,231283.68,190008.853
600328.SH,20240517,8.0,8.1,7.94,8.1,151715.56,121733.245
600328.SH,20240516,8.0,8.11,7.93,7.96,105258.0,84405.858
600328.SH,20240515,8.02,8.08,7.89,7.97,98308.8,78474.638
600328.SH,20240514,8.02,8.08,7.99,8.01,100399.46,80680.318
600328.SH,20240513,8.18,8.18,7.97,8.02,140822.9,113056.573
600328.SH,20240510,8.19,8.25,8.1,8.14,124232.54,101337.075
600328.SH,20240509,8.08,8.25,8.06,8.19,170646.2,139769.632
600328.SH,20240508,8.15,8.19,8.06,8.08,142230.52,115442.037
600328.SH,20240507,8.12,8.19,8.08,8.16,175428.96,142740.696
600328.SH,20240506,7.88,8.13,7.81,8.12,247122.9,198275.66
600328.SH,20240430,7.79,7.91,7.75,7.79,173829.11,136118.248
600328.SH,20240429,7.58,7.8,7.51,7.79,202260.74,155614.805
600328.SH,20240426,7.5,7.61,7.41,7.59,173902.96,130793.677
600328.SH,20240425,7.39,7.61,7.34,7.53,222324.9,167054.928
600328.SH,20240424,7.36,7.4,7.18,7.4,231050.6,168474.978
600328.SH,20240423,7.64,7.69,7.32,7.34,363937.17,270104.385
600328.SH,20240422,7.9,7.98,7.7,7.73,264980.24,207725.976
600328.SH,20240419,7.51,7.96,7.49,7.81,460064.6,358446.51
600328.SH,20240418,7.86,7.87,7.52,7.59,612134.19,466584.405
600328.SH,20240417,7.95,8.14,7.95,8.13,236135.08,190388.968
600328.SH,20240416,8.17,8.28,7.94,7.96,301996.25,245071.934
600328.SH,20240415,8.13,8.27,7.9,8.18,284149.37,230959.397
600328.SH,20240412,8.18,8.22,8.05,8.11,148056.42,120258.031
600328.SH,20240411,8.19,8.34,8.06,8.17,240771.46,197272.187
600328.SH,20240410,8.2,8.32,8.12,8.23,271019.33,222789.61
600328.SH,20240409,8.03,8.26,8.0,8.2,274154.35,222647.065
600328.SH,20240408,8.05,8.33,8.03,8.09,426738.67,350132.374
600328.SH,20240403,7.88,8.1,7.87,8.05,335552.77,268586.928
600328.SH,20240402,7.76,7.89,7.74,7.85,241664.07,189325.799
600328.SH,20240401,7.55,7.78,7.55,7.76,199701.65,154196.034
600328.SH,20240329,7.41,7.55,7.41,7.53,87878.12,65823.705
600328.SH,20240328,7.41,7.53,7.39,7.43,108008.92,80407.026
600328.SH,20240327,7.53,7.58,7.42,7.42,89198.61,67063.693
600328.SH,20240326,7.51,7.58,7.43,7.54,109376.99,82216.213
600328.SH,20240325,7.71,7.75,7.51,7.52,138482.79,105892.161
600328.SH,20240322,7.89,7.89,7.73,7.74,117442.2,91359.865
600328.SH,20240321,7.92,7.96,7.82,7.89,156699.15,123505.171
600328.SH,20240320,7.78,8.0,7.73,7.95,243316.16,191909.13
600328.SH,20240319,7.78,7.83,7.75,7.79,114839.13,89433.059
600328.SH,20240318,7.8,7.81,7.72,7.81,139397.44,108272.967
600328.SH,20240315,7.62,7.78,7.58,7.78,153313.05,118001.762
600328.SH,20240314,7.69,7.78,7.61,7.67,128610.7,99135.056
600328.SH,20240313,7.74,7.75,7.64,7.68,105841.43,81270.389
600328.SH,20240312,7.8,7.83,7.69,7.74,125077.78,96823.68
600328.SH,20240311,7.67,7.8,7.67,7.8,124731.18,96698.823
600328.SH,20240308,7.67,7.75,7.6,7.71,94669.12,72541.944
600328.SH,20240307,7.65,7.8,7.64,7.67,132773.59,102530.905
600328.SH,20240306,7.56,7.75,7.51,7.64,122530.52,93423.908
600328.SH,20240305,7.68,7.69,7.55,7.57,120044.12,91237.334
600328.SH,20240304,7.79,7.81,7.65,7.7,123326.52,94995.452
600328.SH,20240301,7.76,7.85,7.72,7.8,121235.14,94192.218
600328.SH,20240229,7.63,7.77,7.59,7.77,148696.88,114400.688
600328.SH,20240228,7.74,7.96,7.63,7.63,290071.16,226353.014
600328.SH,20240227,7.64,7.74,7.61,7.73,141411.9,108694.202
600328.SH,20240226,7.56,7.77,7.53,7.67,183875.03,140676.176
600328.SH,20240223,7.56,7.6,7.52,7.59,136682.2,103355.451
600328.SH,20240222,7.51,7.59,7.48,7.55,131684.56,99146.532
600328.SH,20240221,7.48,7.7,7.45,7.53,160579.64,121912.18
600328.SH,20240220,7.48,7.54,7.39,7.51,115682.04,86626.007
600328.SH,20240219,7.58,7.61,7.43,7.5,177086.29,132946.613
600328.SH,20240208,7.59,7.77,7.48,7.52,256752.89,196427.5
600328.SH,20240207,7.18,7.61,7.13,7.52,242641.33,181160.679
600328.SH,20240206,6.64,7.25,6.58,7.18,190638.99,133078.611
600328.SH,20240205,6.83,6.9,6.42,6.69,181813.07,120994.674
600328.SH,20240202,7.08,7.14,6.69,6.86,154936.2,107572.653
600328.SH,20240201,7.2,7.3,7.05,7.07,123729.0,88393.066
600328.SH,20240131,7.27,7.45,7.23,7.25,124846.87,91482.673
600328.SH,20240130,7.63,7.63,7.31,7.33,170576.59,127416.088
600328.SH,20240129,7.56,7.83,7.56,7.65,265821.92,204266.86
600328.SH,20240126,7.47,7.76,7.43,7.53,187123.72,141774.463
600328.SH,20240125,7.09,7.5,7.06,7.45,221350.1,162102.191
600328.SH,20240124,6.88,7.05,6.76,7.05,96252.88,66528.57
600328.SH,20240123,6.75,6.92,6.62,6.88,88804.59,60535.04
600328.SH,20240122,7.06,7.09,6.69,6.76,101020.46,69836.569
600328.SH,20240119,7.12,7.22,7.1,7.11,61994.68,44368.415
600328.SH,20240118,7.21,7.24,6.96,7.16,142333.86,100634.508
600328.SH,20240117,7.41,7.42,7.25,7.25,70787.3,51942.175
600328.SH,20240116,7.47,7.51,7.35,7.42,86901.93,64442.187
600328.SH,20240115,7.5,7.54,7.42,7.49,60745.1,45424.401
600328.SH,20240112,7.49,7.61,7.47,7.5,78085.21,58894.375
600328.SH,20240111,7.42,7.55,7.39,7.5,84748.04,63258.249
600328.SH,20240110,7.56,7.56,7.4,7.43,85784.72,64012.247
600328.SH,20240109,7.59,7.64,7.51,7.54,84303.0,63755.373
600328.SH,20240108,7.77,7.77,7.57,7.57,99709.04,76364.093
600328.SH,20240105,7.89,7.91,7.76,7.78,109008.4,85483.687
600328.SH,20240104,7.91,7.97,7.83,7.88,75023.9,59181.865
600328.SH,20240103,7.83,7.95,7.82,7.91,87597.24,69147.07
600328.SH,20240102,7.85,7.89,7.79,7.85,78225.91,61457.207
600328.SH,20231229,7.85,7.91,7.79,7.82,101719.58,79719.288
600328.SH,20231228,7.65,7.91,7.63,7.85,149040.46,116304.88
600328.SH,20231227,7.68,7.69,7.57,7.65,66268.92,50560.558
600328.SH,20231226,7.71,7.77,7.63,7.67,65891.54,50747.989
600328.SH,20231225,7.7,7.77,7.67,7.69,58074.44,44783.518
600328.SH,20231222,7.67,7.76,7.57,7.74,95103.36,73076.31
600328.SH,20231221,7.66,7.7,7.56,7.66,73314.1,55938.296
600328.SH,20231220,7.72,7.81,7.67,7.68,53775.39,41596.015
600328.SH,20231219,7.72,7.75,7.69,7.71,54097.38,41736.73
600328.SH,20231218,7.84,7.84,7.72,7.73,76540.1,59519.944
600328.SH,20231215,7.9,7.96,7.83,7.86,67498.0,53234.426
600328.SH,20231214,7.89,8.0,7.87,7.91,66287.3,52519.288
600328.SH,20231213,7.98,7.98,7.86,7.86,103241.89,81722.589
600328.SH,20231212,8.0,8.02,7.95,8.01,55959.4,44680.783
600328.SH,20231211,7.97,8.04,7.84,8.02,128024.8,101684.307
600328.SH,20231208,7.96,8.05,7.91,8.01,147860.28,118144.466
600328.SH,20231207,7.93,7.98,7.8,7.93,113582.22,89579.177
600328.SH,20231206,7.87,7.99,7.82,7.89,92161.78,73030.512
600328.SH,20231205,7.99,7.99,7.87,7.88,118085.49,93574.039
600328.SH,20231204,7.93,8.18,7.9,8.05,209861.31,169465.879
600328.SH,20231201,7.86,7.89,7.78,7.88,88193.79,69109.183
600328.SH,20231130,7.91,7.92,7.82,7.84,80483.14,63272.233
600328.SH,20231129,8.03,8.04,7.88,7.9,116737.6,92656.451
600328.SH,20231128,8.03,8.07,7.91,8.04,135228.15,108046.606
600328.SH,20231127,8.09,8.1,7.99,8.03,124138.83,99840.307
600328.SH,20231124,8.03,8.06,7.99,8.01,79080.82,63416.914
600328.SH,20231123,7.99,8.05,7.98,8.05,67715.08,54340.239
600328.SH,20231122,8.07,8.11,7.99,8.0,123028.07,98842.037
600328.SH,20231121,8.11,8.16,8.08,8.1,89279.97,72553.688
600328.SH,20231120,8.08,8.17,8.01,8.13,113371.12,91712.918
600328.SH,20231117,8.05,8.09,8.02,8.06,61450.05,49468.646
600328.SH,20231116,8.13,8.14,8.05,8.06,92913.0,75003.711
600328.SH,20231115,8.05,8.23,8.04,8.15,226983.04,184557.51
600328.SH,20231114,8.01,8.05,7.99,8.02,94467.95,75686.744
600328.SH,20231113,8.15,8.16,7.98,8.05,178889.99,143780.959
600328.SH,20231110,7.98,8.13,7.95,8.12,268847.31,216528.295
600328.SH,20231109,7.9,7.96,7.87,7.9,73483.06,58210.339
600328.SH,20231108,7.97,7.98,7.86,7.9,129979.66,102923.673
600328.SH,20231107,8.02,8.02,7.91,7.99,93748.82,74681.396
600328.SH,20231106,7.96,8.04,7.95,8.03,104984.23,84002.165
600328.SH,20231103,7.94,7.99,7.91,7.93,71102.84,56514.809
600328.SH,20231102,7.97,8.01,7.9,7.91,58904.8,46767.298
600328.SH,20231101,8.0,8.02,7.94,7.97,59530.2,47485.973
600328.SH,20231031,8.0,8.08,7.95,7.99,66693.41,53332.708
600328.SH,20231030,7.92,8.05,7.9,8.03,92097.5,73705.899
600328.SH,20231027,7.75,7.96,7.7,7.94,128005.3,100853.392
600328.SH,20231026,7.65,7.83,7.61,7.8,156759.41,120626.815
600328.SH,20231025,7.87,8.03,7.87,7.96,97095.2,77301.542
600328.SH,20231024,7.72,7.86,7.71,7.83,96569.39,75359.265
600328.SH,20231023,7.94,7.95,7.66,7.7,119710.05,93026.549
600328.SH,20231020,7.97,8.07,7.93,7.96,71399.59,57023.142
600328.SH,20231019,8.08,8.16,7.98,7.99,95049.18,76519.491
600328.SH,20231018,8.28,8.28,8.11,8.11,93931.91,76603.231
600328.SH,20231017,8.31,8.32,8.23,8.28,52964.05,43781.239
600328.SH,20231016,8.41,8.41,8.25,8.27,105253.65,87400.404
600328.SH,20231013,8.51,8.53,8.4,8.41,118588.36,100198.779
600328.SH,20231012,8.48,8.58,8.48,8.58,93912.39,80198.065
600328.SH,20231011,8.5,8.53,8.47,8.48,73575.39,62526.939
600328.SH,20231010,8.53,8.61,8.47,8.49,77853.2,66308.085
600328.SH,20231009,8.56,8.56,8.47,8.51,85918.37,73135.34
600328.SH,20230928,8.54,8.6,8.53,8.56,71632.89,61342.033
600328.SH,20230927,8.53,8.59,8.49,8.55,87317.32,74690.683
600328.SH,20230926,8.63,8.65,8.51,8.53,103188.7,88141.235
600328.SH,20230925,8.71,8.72,8.63,8.64,70405.05,60956.152
600328.SH,20230922,8.67,8.71,8.59,8.71,98205.01,84939.734
600328.SH,20230921,8.7,8.74,8.61,8.63,116518.9,100981.648
600328.SH,20230920,8.8,8.85,8.74,8.75,82811.88,72669.628
600328.SH,20230919,8.79,8.89,8.76,8.8,117832.48,103880.587
600328.SH,20230918,8.84,8.85,8.73,8.79,133352.09,117104.263
600328.SH,20230915,8.89,8.91,8.82,8.86,99962.58,88598.518
600328.SH,20230914,8.88,8.9,8.82,8.87,95109.3,84259.715
600328.SH,20230913,8.94,9.01,8.82,8.87,111337.77,99080.315
600328.SH,20230912,9.0,9.06,8.96,8.97,90349.34,81324.34
600328.SH,20230911,8.92,9.04,8.91,9.0,103856.46,93345.615
600328.SH,20230908,8.89,8.96,8.87,8.92,107613.94,96010.35
600328.SH,20230907,9.05,9.06,8.9,8.91,152738.5,136988.013
600328.SH,20230906,9.13,9.14,9.01,9.06,155970.54,141343.378
600328.SH,20230905,9.31,9.31,9.13,9.17,220816.28,202774.865
600328.SH,20230904,9.12,9.41,9.12,9.35,361458.13,336044.276
600328.SH,20230901,8.95,9.24,8.91,9.18,386935.05,351439.49
600328.SH,20230831,9.05,9.05,8.87,8.88,226648.0,202028.58
600328.SH,20230830,9.15,9.2,9.01,9.05,350828.42,318612.125
600328.SH,20230829,9.1,9.24,9.0,9.23,480705.08,438721.153
600328.SH,20230828,9.99,9.99,8.95,9.27,754002.61,711889.661
600328.SH,20230825,10.25,10.6,9.57,9.7,1384566.15,1409126.96
600328.SH,20230824,9.69,10.17,9.2,9.86,997393.94,962481.438
600328.SH,20230823,9.13,9.9,9.12,9.7,1021086.15,971807.052
600328.SH,20230822,8.84,9.35,8.73,9.09,383226.02,347627.976
600328.SH,20230821,8.69,8.96,8.67,8.76,120459.21,105842.654
600328.SH,20230818,8.73,8.86,8.69,8.7,131934.66,115709.053
600328.SH,20230817,8.77,8.77,8.49,8.74,263781.31,227436.445
600328.SH,20230816,8.9,9.02,8.89,8.91,62720.48,56111.478
600328.SH,20230815,9.05,9.1,8.9,8.97,70302.56,63108.095
600328.SH,20230814,9.0,9.06,8.87,9.06,97688.77,87487.6
600328.SH,20230811,9.23,9.23,9.06,9.06,105506.1,96166.525
600328.SH,20230810,9.11,9.27,9.1,9.23,89272.95,82178.914
600328.SH,20230809,9.21,9.23,9.12,9.15,77401.01,70962.464
600328.SH,20230808,9.23,9.29,9.09,9.25,145627.77,133727.847
600328.SH,20230807,9.39,9.42,9.21,9.24,170201.55,157771.544
600328.SH,20230804,9.47,9.5,9.38,9.45,142947.93,135135.746
600328.SH,20230803,9.37,9.45,9.31,9.44,129662.37,121591.292
600328.SH,20230802,9.48,9.52,9.4,9.43,117145.76,110687.42
600328.SH,20230801,9.56,9.58,9.42,9.48,142086.79,134758.14
600328.SH,20230731,9.45,9.58,9.45,9.51,196413.1,186987.866
600328.SH,20230728,9.39,9.53,9.32,9.44,221944.28,209235.017
600328.SH,20230727,9.47,9.62,9.37,9.42,263053.8,249904.798
600328.SH,20230726,9.43,9.69,9.38,9.45,433669.57,412561.867
600328.SH,20230725,9.15,9.3,9.15,9.28,159686.03,147820.969
600328.SH,20230724,9.23,9.24,9.07,9.1,102450.63,93463.624
600328.SH,20230721,9.2,9.34,9.12,9.17,122447.62,112815.39
600328.SH,20230720,9.25,9.37,9.2,9.24,207666.08,192900.699
600328.SH,20230719,9.24,9.29,9.12,9.21,122944.75,113044.657
600328.SH,20230718,9.09,9.28,9.06,9.23,246753.6,226700.508
600328.SH,20230717,8.95,9.18,8.91,9.11,173256.4,157370.022
600328.SH,20230714,9.08,9.09,8.97,8.98,114340.99,103232.701
600328.SH,20230713,9.04,9.09,9.02,9.06,125984.17,114172.313
600328.SH,20230712,9.03,9.08,9.0,9.01,111610.72,100829.053
600328.SH,20230711,9.05,9.07,8.96,9.07,109199.84,98709.472
600328.SH,20230710,8.96,9.08,8.96,9.02,129966.52,117253.9
600328.SH,20230707,8.96,9.03,8.85,8.96,111908.6,100091.549
600328.SH,20230706,8.95,9.0,8.87,8.95,104935.77,93704.623
600328.SH,20230705,9.04,9.07,8.98,9.01,95733.85,86390.326
600328.SH,20230704,9.1,9.11,8.97,9.04,113699.24,102550.488
600328.SH,20230703,9.0,9.12,9.0,9.07,183327.06,166499.006
600328.SH,20230630,8.81,9.03,8.79,9.0,172953.37,155226.895
600328.SH,20230629,8.89,8.92,8.79,8.82,112071.54,99131.851
600328.SH,20230628,8.88,8.93,8.82,8.93,96917.42,86026.327
600328.SH,20230627,8.7,8.92,8.69,8.91,144847.44,128140.618
600328.SH,20230626,8.7,8.8,8.65,8.7,93582.18,81435.867
600328.SH,20230621,8.82,8.92,8.73,8.75,107487.79,94792.135
600328.SH,20230620,8.93,8.93,8.82,8.85,115919.67,102733.395
600328.SH,20230619,9.05,9.07,8.93,8.95,152414.9,136910.388
600328.SH,20230616,9.07,9.14,9.03,9.08,156613.86,142153.407
600328.SH,20230615,9.08,9.08,8.92,9.04,193567.67,174096.663
600328.SH,20230614,8.87,9.29,8.78,9.13,371281.73,336987.766
600328.SH,20230613,8.95,9.0,8.81,8.87,183784.09,162990.729
600328.SH,20230612,12.05,12.2,11.98,12.12,161069.77,194590.245
600328.SH,20230609,11.88,12.03,11.84,12.01,110619.62,132029.851
600328.SH,20230608,11.84,11.92,11.78,11.85,94260.35,111652.247
600328.SH,20230607,11.95,12.01,11.8,11.84,136092.3,161926.757
600328.SH,20230606,12.0,12.0,11.77,11.8,102661.9,121955.791
600328.SH,20230605,12.06,12.16,11.9,11.99,127970.95,153620.306
600328.SH,20230602,11.75,12.13,11.75,12.09,207633.59,248596.97
600328.SH,20230601,11.85,11.9,11.69,11.74,175607.01,206771.413
600328.SH,20230531,12.04,12.05,11.82,11.85,94782.87,112712.693
600328.SH,20230530,12.22,12.24,11.82,12.04,165289.71,198074.243
600328.SH,20230529,12.19,12.33,12.17,12.24,96060.41,117799.64
600328.SH,20230526,12.21,12.31,12.1,12.23,136066.87,165976.948
600328.SH,20230525,13.2,13.2,12.21,12.38,550426.39,684723.554
600328.SH,20230524,13.72,13.82,13.54,13.57,64865.31,88617.397
600328.SH,20230523,13.81,13.94,13.74,13.76,50687.0,70103.432
600328.SH,20230522,13.89,13.9,13.71,13.83,49169.04,67971.597
600328.SH,20230519,13.85,14.06,13.75,13.93,51904.81,72231.95
600328.SH,20230518,14.1,14.13,13.8,13.92,74340.27,103519.857
600328.SH,20230517,14.18,14.18,13.98,14.03,68373.52,96079.588
600328.SH,20230516,14.44,14.45,14.15,14.21,78843.85,112468.486
600328.SH,20230515,14.34,14.53,14.29,14.44,71241.83,102648.305
600328.SH,20230512,14.32,14.45,14.25,14.31,58260.66,83613.261
600328.SH,20230511,14.4,14.49,14.26,14.34,70247.91,100945.574
600328.SH,20230510,14.67,14.75,14.4,14.46,111008.31,161151.739
600328.SH,20230509,14.48,15.0,14.41,14.69,239273.51,354099.204
600328.SH,20230508,14.18,14.56,14.17,14.49,107340.34,154941.354
600328.SH,20230505,14.36,14.43,14.19,14.23,62658.69,89452.301
600328.SH,20230504,14.0,14.44,13.87,14.37,104198.7,148754.235
600328.SH,20230428,13.75,14.17,13.75,14.0,77222.45,108149.611
600328.SH,20230427,13.58,13.69,13.49,13.65,50355.11,68510.926
600328.SH,20230426,13.45,13.78,13.39,13.62,49523.24,67424.582
600328.SH,20230425,13.9,14.1,13.38,13.52,84090.81,114152.4
600328.SH,20230424,13.87,14.04,13.64,13.95,58719.11,81159.946
600328.SH,20230421,14.09,14.13,13.86,13.88,87013.48,121569.213
600328.SH,20230420,14.2,14.21,13.96,14.08,96420.36,135502.277
600328.SH,20230419,14.43,14.43,14.22,14.26,75684.0,108503.746
600328.SH,20230418,14.6,14.63,14.38,14.46,87954.9,127398.73
600328.SH,20230417,14.27,14.59,14.21,14.59,107997.59,155900.64
600328.SH,20230414,14.14,14.38,14.12,14.3,87434.73,125006.379
600328.SH,20230413,14.09,14.2,14.05,14.14,68370.0,96567.994
600328.SH,20230412,14.35,14.41,14.06,14.1,128393.99,182508.608
600328.SH,20230411,14.53,14.54,14.32,14.37,67232.37,96558.895
600328.SH,20230410,14.46,14.53,14.33,14.53,62340.63,90033.925
600328.SH,20230407,14.36,14.54,14.36,14.46,61545.34,89051.401
600328.SH,20230406,14.51,14.51,14.28,14.35,92859.66,133378.865
600328.SH,20230404,14.74,14.75,14.43,14.52,103226.27,150022.732
600328.SH,20230403,14.73,14.79,14.65,14.74,72617.1,106734.562
600328.SH,20230331,14.72,14.77,14.63,14.73,51067.07,75066.881
600328.SH,20230330,14.52,14.74,14.3,14.73,97491.75,141600.186
600328.SH,20230329,14.73,14.82,14.43,14.52,84232.27,123258.61
600328.SH,20230328,15.0,15.05,14.7,14.77,96288.27,142502.168
600328.SH,20230327,15.01,15.08,14.85,14.95,66821.87,99666.584
600328.SH,20230324,15.18,15.18,15.0,15.01,86147.79,129604.562
600328.SH,20230323,15.11,15.21,15.03,15.14,65796.29,99561.009
600328.SH,20230322,15.28,15.29,15.08,15.12,81852.29,124086.627
600328.SH,20230321,15.14,15.28,15.14,15.22,63532.63,96651.505
600328.SH,20230320,15.03,15.34,15.01,15.18,100403.87,152670.034
600328.SH,20230317,14.95,15.19,14.9,15.04,98920.78,148927.477
600328.SH,20230316,15.0,15.11,14.81,14.82,96666.37,144346.738
600328.SH,20230315,15.09,15.26,15.08,15.13,86499.57,131108.491
600328.SH,20230314,15.43,15.43,14.8,15.04,154649.81,233416.684
600328.SH,20230313,15.32,15.48,15.22,15.44,105054.85,161429.96
600328.SH,20230310,15.67,15.74,15.39,15.4,152437.92,236161.127
600328.SH,20230309,16.0,16.04,15.7,15.85,140824.59,222830.493
600328.SH,20230308,16.1,16.17,15.82,15.99,179176.42,285742.717
600328.SH,20230307,16.09,16.56,16.04,16.25,380339.08,623239.944
600328.SH,20230306,16.23,16.4,16.04,16.12,258102.06,418445.853
600328.SH,20230303,15.94,16.2,15.85,16.11,309114.53,497195.642
600328.SH,20230302,15.51,16.27,15.43,15.95,317558.03,503217.391
600328.SH,20230301,15.43,15.52,15.35,15.51,85009.65,131295.986
600328.SH,20230228,15.39,15.47,15.25,15.41,76086.0,116767.84
600328.SH,20230227,15.25,15.57,15.21,15.38,73809.28,113815.892
600328.SH,20230224,15.59,15.61,15.29,15.4,84144.04,129654.469
600328.SH,20230223,15.62,15.7,15.44,15.58,81229.44,126477.374
600328.SH,20230222,15.75,15.76,15.57,15.64,78754.67,123301.317
600328.SH,20230221,15.46,15.88,15.41,15.75,177852.04,279513.313
600328.SH,20230220,15.19,15.47,15.03,15.44,107782.28,164924.33
600328.SH,20230217,15.24,15.4,15.16,15.21,114016.43,174126.665
600328.SH,20230216,15.71,15.83,15.15,15.23,207792.75,323218.266
600328.SH,20230215,15.93,16.0,15.71,15.73,147415.44,232969.981
600328.SH,20230214,15.75,15.96,15.72,15.95,200972.73,319186.214
600328.SH,20230213,15.64,15.73,15.51,15.72,116178.46,181690.979
600328.SH,20230210,15.83,15.87,15.51,15.65,140831.2,221008.624
600328.SH,20230209,15.66,15.9,15.61,15.89,159005.79,251277.776
600328.SH,20230208,15.69,15.85,15.59,15.61,113716.6,178480.129
600328.SH,20230207,15.67,15.75,15.62,15.72,97022.62,152006.072
600328.SH,20230206,15.71,15.76,15.55,15.65,104404.54,163298.364
600328.SH,20230203,16.11,16.15,15.55,15.83,216395.66,341772.297
600328.SH,20230202,16.26,16.26,16.05,16.17,135752.93,219361.485
600328.SH,20230201,16.09,16.38,15.95,16.26,205282.47,332162.728
600328.SH,20230131,15.7,15.98,15.6,15.94,139728.01,221434.1
600328.SH,20230130,16.25,16.28,15.8,15.86,218830.47,350720.284
600328.SH,20230120,15.48,15.92,15.47,15.86,171841.53,270852.855
600328.SH,20230119,15.38,15.51,15.28,15.48,93208.37,143464.689
600328.SH,20230118,15.45,15.49,15.36,15.41,74397.97,114757.738
600328.SH,20230117,15.5,15.54,15.34,15.41,86206.43,132942.868
600328.SH,20230116,15.33,15.55,15.23,15.46,119835.93,185223.257
600328.SH,20230113,15.22,15.58,15.22,15.35,109737.75,168612.737
600328.SH,20230112,15.3,15.38,15.12,15.17,80082.66,121814.473
600328.SH,20230111,15.16,15.4,15.13,15.27,127996.81,195653.338
600328.SH,20230110,15.38,15.39,15.12,15.17,91409.91,138840.329
600328.SH,20230109,15.32,15.53,15.27,15.35,116042.69,178413.276
600328.SH,20230106,15.13,15.46,15.09,15.3,138428.55,211849.5
600328.SH,20230105,15.09,15.19,14.97,15.18,112068.22,169406.35
600328.SH,20230104,14.93,15.16,14.87,15.06,111307.02,167334.738
600328.SH,20230103,14.65,15.07,14.52,14.98,129615.3,192355.677
600328.SH,20221230,14.82,14.92,14.62,14.69,122747.09,180948.716
600328.SH,20221229,15.0,15.0,14.75,14.78,87875.34,130184.846
600328.SH,20221228,15.07,15.15,14.8,14.92,115295.2,172721.346
600328.SH,20221227,15.16,15.31,14.91,15.21,150873.27,228080.899
600328.SH,20221226,14.68,15.27,14.65,15.22,122492.65,184428.525
600328.SH,20221223,14.97,15.07,14.63,14.76,143036.72,212409.463
600328.SH,20221222,15.81,15.86,14.95,15.06,230914.38,354458.188
600328.SH,20221221,16.6,16.65,15.61,15.73,268550.65,430979.199
600328.SH,20221220,16.75,16.81,16.04,16.64,182044.29,300985.403
600328.SH,20221219,16.93,17.35,16.62,16.86,310998.1,528403.338
600328.SH,20221216,16.59,17.51,16.41,17.02,494152.72,844086.334
600328.SH,20221215,16.42,16.71,16.29,16.6,217325.67,360024.182
600328.SH,20221214,16.37,16.5,16.26,16.44,122402.0,200491.336
600328.SH,20221213,16.33,16.76,16.3,16.38,168322.69,277798.442
600328.SH,20221212,16.8,16.96,16.47,16.47,285254.08,475715.238
600328.SH,20221209,16.42,17.07,16.13,16.97,421203.51,705525.792
600328.SH,20221208,16.27,16.48,16.08,16.44,189153.37,308466.72
600328.SH,20221207,16.59,16.75,16.19,16.32,263204.2,432663.474
600328.SH,20221206,16.78,17.02,16.58,16.7,276344.4,462939.127
600328.SH,20221205,16.65,17.16,16.36,17.0,423522.41,711409.294
600328.SH,20221202,16.35,16.49,16.23,16.42,187521.71,306949.561
600328.SH,20221201,16.59,16.77,16.24,16.34,317862.57,522306.011
600328.SH,20221130,16.92,16.92,16.42,16.43,366075.56,608783.066
600328.SH,20221129,16.32,17.05,16.2,16.87,496053.71,821433.104
600328.SH,20221128,15.9,16.54,15.67,16.49,530880.57,864379.059
600328.SH,20221125,15.87,16.26,15.74,16.05,451785.83,724351.182
600328.SH,20221124,16.0,16.01,15.64,15.79,486399.02,769358.862
600328.SH,20221123,14.95,16.34,14.95,16.32,773812.74,1232850.032
600328.SH,20221122,14.88,15.19,14.78,14.85,104139.87,155504.82
600328.SH,20221121,14.72,14.95,14.47,14.94,89279.63,132108.911
600328.SH,20221118,15.05,15.07,14.76,14.78,126510.62,188483.731
600328.SH,20221117,15.31,15.33,14.86,15.08,154568.18,232119.983
600328.SH,20221116,15.5,15.76,15.26,15.33,175475.75,270708.274
600328.SH,20221115,15.03,15.54,14.85,15.53,214593.58,328176.769
600328.SH,20221114,15.25,15.79,14.95,15.03,302302.4,463873.323
600328.SH,20221111,15.23,15.29,14.8,15.01,218312.26,327829.018
600328.SH,20221110,14.99,15.12,14.73,14.78,165647.33,245925.366
600328.SH,20221109,15.31,15.45,15.13,15.17,115045.2,175427.302
600328.SH,20221108,15.47,15.6,15.15,15.29,195495.19,300265.734
600328.SH,20221107,15.24,15.64,15.13,15.44,223334.98,345615.243
600328.SH,20221104,14.47,15.3,14.47,15.25,277436.7,417434.772
600328.SH,20221103,14.09,14.52,14.03,14.46,152167.89,217572.548
600328.SH,20221102,14.09,14.35,14.0,14.22,164591.39,234032.23
600328.SH,20221101,13.66,14.16,13.58,14.14,216107.1,300106.394
600328.SH,20221031,14.16,14.19,13.22,13.57,278216.45,375684.395
600328.SH,20221028,15.18,15.19,14.12,14.21,225288.63,327250.939
600328.SH,20221027,15.55,15.72,15.19,15.2,138297.36,213513.051
600328.SH,20221026,15.29,15.73,15.2,15.45,159250.44,246835.726
600328.SH,20221025,15.32,15.41,14.85,15.19,150289.94,227068.924
600328.SH,20221024,15.95,16.14,15.32,15.41,188615.02,297418.876
600328.SH,20221021,15.61,16.08,15.45,15.82,169953.46,268689.694
600328.SH,20221020,15.8,15.95,15.31,15.65,175496.58,273666.828
600328.SH,20221019,15.59,16.28,15.53,15.89,242791.45,386824.841
600328.SH,20221018,15.61,15.81,15.5,15.62,109349.46,170935.04
600328.SH,20221017,15.5,15.7,15.36,15.65,104793.39,162929.285
600328.SH,20221014,15.46,15.7,15.38,15.61,127263.31,198261.585
600328.SH,20221013,15.22,15.51,15.15,15.32,129536.79,198689.169
600328.SH,20221012,15.04,15.42,14.52,15.39,188378.86,281468.695
600328.SH,20221011,14.9,15.15,14.63,15.08,132255.18,197731.199
600328.SH,20221010,15.15,15.22,14.6,14.69,110395.44,164578.337
600328.SH,20220930,15.22,15.56,15.03,15.04,93526.88,141975.746
600328.SH,20220929,15.26,15.49,15.06,15.27,87114.93,133426.825
600328.SH,20220928,15.72,15.78,15.01,15.09,107726.62,165115.328
600328.SH,20220927,15.64,15.85,15.25,15.84,138329.85,214865.276
600328.SH,20220926,15.81,15.97,15.41,15.5,141637.28,222221.581
600328.SH,20220923,16.34,16.48,15.81,16.04,108884.78,175782.113
600328.SH,20220922,16.19,16.75,16.16,16.34,171492.26,282670.703
600328.SH,20220921,16.2,16.42,15.96,16.34,107293.63,174485.168
600328.SH,20220920,16.1,16.46,15.95,16.3,128202.96,208470.345
600328.SH,20220919,15.9,16.15,15.71,15.92,108367.62,172428.948
600328.SH,20220916,16.5,16.5,15.85,15.91,160798.68,258962.767
600328.SH,20220915,17.19,17.33,16.28,16.53,186645.63,312028.673
600328.SH,20220914,17.6,17.64,16.81,17.02,214138.4,367364.407
600328.SH,20220913,18.22,18.29,17.88,17.92,84760.13,152602.466
600328.SH,20220909,18.12,18.32,17.92,18.21,84029.88,152301.07
600328.SH,20220908,18.52,18.56,18.05,18.12,84704.2,154310.807
600328.SH,20220907,18.36,18.76,18.28,18.45,112000.12,207153.549
600328.SH,20220906,17.85,18.76,17.82,18.6,161408.34,297115.953
600328.SH,20220905,17.39,18.08,17.28,17.92,149714.42,266137.385
600328.SH,20220902,17.9,17.92,17.27,17.38,127525.28,222122.516
600328.SH,20220901,17.86,18.34,17.45,17.65,163452.15,292488.382
600328.SH,20220831,18.72,18.88,17.77,17.86,165538.24,300436.663
600328.SH,20220830,19.4,19.44,18.7,18.8,198791.25,376171.239
600328.SH,20220829,19.6,19.63,19.01,19.48,178712.6,345004.077
600328.SH,20220826,19.31,20.2,19.22,19.88,309854.26,615946.983
600328.SH,20220825,19.09,19.59,18.84,19.27,156223.51,299757.62
600328.SH,20220824,19.97,20.24,18.96,19.09,224084.85,438018.158
600328.SH,20220823,19.74,20.17,19.32,19.92,215488.72,425723.378
600328.SH,20220822,19.2,19.88,18.66,19.82,234928.28,454425.487
600328.SH,20220819,19.5,19.67,19.16,19.24,166064.02,320919.911
600328.SH,20220818,19.84,19.84,19.35,19.4,108225.7,210404.021
600328.SH,20220817,20.06,20.1,19.33,19.72,154154.97,302031.171
600328.SH,20220816,20.14,20.29,19.8,20.03,100486.68,201113.511
600328.SH,20220815,20.15,20.55,20.05,20.13,112933.75,228319.124
600328.SH,20220812,20.19,20.43,20.08,20.13,104104.62,210730.523
600328.SH,20220811,19.96,20.24,19.85,20.19,130790.8,263048.672
600328.SH,20220810,19.85,20.04,19.6,19.84,98356.71,194714.132
600328.SH,20220809,19.29,20.05,19.2,19.85,174930.91,345093.362
600328.SH,20220808,19.0,19.35,18.8,19.29,119738.87,229812.118
600328.SH,20220805,18.8,19.05,18.56,19.02,133647.9,250995.204
600328.SH,20220804,18.9,19.06,18.35,18.77,146956.57,274301.203
600328.SH,20220803,19.1,19.52,18.7,18.97,143955.91,274811.863
600328.SH,20220802,19.78,19.78,18.65,19.03,222587.25,425026.037
600328.SH,20220801,20.3,20.54,19.81,20.01,165878.73,333913.831
600328.SH,20220729,20.25,20.65,20.01,20.31,174833.18,355155.86
600328.SH,20220728,20.26,20.55,19.98,20.29,157281.51,318356.14
600328.SH,20220727,20.36,20.58,19.86,20.18,149300.47,300740.023
600328.SH,20220726,20.13,20.59,19.88,20.36,153565.46,311519.143
600328.SH,20220725,19.48,20.72,19.48,20.15,241855.72,487654.596
600328.SH,20220722,19.26,19.77,19.18,19.48,154276.42,300417.632
600328.SH,20220721,20.25,20.25,19.36,19.38,206993.21,406213.646
600328.SH,20220720,20.37,20.66,20.1,20.25,137575.43,279337.23
600328.SH,20220719,20.28,20.77,19.83,20.39,172380.72,351654.647
600328.SH,20220718,19.37,20.33,19.37,20.22,243591.76,486279.954
600328.SH,20220715,19.4,20.05,19.08,19.22,230403.58,452590.396
600328.SH,20220714,19.35,19.6,19.12,19.34,134476.34,260404.578
600328.SH,20220713,19.18,19.66,19.03,19.48,125819.82,243584.043
600328.SH,20220712,19.78,19.95,19.33,19.38,151169.21,296407.679
600328.SH,20220711,21.4,21.4,19.57,19.77,295047.62,593176.156
600328.SH,20220708,22.56,22.65,21.51,21.67,174318.77,381290.323
600328.SH,20220707,22.47,22.68,21.33,22.14,237101.32,521019.197
600328.SH,20220706,23.35,23.35,22.15,22.47,284521.94,643280.956
600328.SH,20220705,22.85,23.78,22.44,23.76,279054.53,649161.857
600328.SH,20220704,23.15,23.73,22.58,22.88,360076.65,830778.279
600328.SH,20220701,23.38,24.08,23.31,23.64,212969.88,504391.606
600328.SH,20220630,22.6,23.9,22.45,23.55,273154.61,640098.965
600328.SH,20220629,22.56,23.1,22.32,22.66,215858.23,490592.839
600328.SH,20220628,22.43,23.36,22.21,22.58,277020.83,630374.146
600328.SH,20220627,20.8,22.61,20.76,22.52,346749.33,759734.532
600328.SH,20220624,20.26,21.2,20.02,20.86,231383.03,480248.082
600328.SH,20220623,20.0,20.52,19.65,20.26,180794.4,364062.134
600328.SH,20220622,20.33,20.8,20.0,20.04,156468.61,318644.402
600328.SH,20220621,20.8,20.97,19.91,20.32,216589.28,438759.698
600328.SH,20220620,21.39,21.67,20.7,21.0,206940.62,435521.549
600328.SH,20220617,20.7,21.53,20.67,21.46,202450.45,430476.878
600328.SH,20220616,21.88,22.08,20.45,20.92,342142.52,724565.08
600328.SH,20220615,23.38,23.38,21.81,21.88,348104.17,778286.495
600328.SH,20220614,23.73,24.33,22.45,23.2,362043.04,837255.812
600328.SH,20220613,23.47,24.73,23.25,24.06,303540.68,727035.059
600328.SH,20220610,21.99,23.82,21.67,23.7,327628.3,749021.199
600328.SH,20220609,21.93,22.86,21.71,22.23,274410.89,613307.657
600328.SH,20220608,22.03,22.18,20.92,21.93,224718.98,486791.503
600328.SH,20220607,21.6,22.56,21.24,22.02,248804.46,547178.874
600328.SH,20220606,21.1,21.77,21.1,21.71,212811.35,458336.743
600328.SH,20220602,20.97,21.3,20.73,21.06,175040.73,368438.167
600328.SH,20220601,21.41,21.86,20.86,21.5,236195.96,504373.472
600328.SH,20220531,21.96,22.37,21.42,21.62,264069.38,574115.285
600328.SH,20220530,22.59,22.68,21.69,22.15,191579.06,423150.919
600328.SH,20220527,22.75,23.67,22.27,22.27,347218.94,795607.307
600328.SH,20220526,21.6,22.77,20.96,22.59,317958.36,701330.931
600328.SH,20220525,20.66,21.98,20.66,21.75,294823.14,632595.597
600328.SH,20220524,21.6,22.35,20.61,20.61,304629.28,655520.925
600328.SH,20220523,20.7,21.88,20.51,21.7,288979.03,617836.079
600328.SH,20220520,20.08,21.15,20.04,20.85,326967.91,674887.672
600328.SH,20220519,18.87,20.13,18.71,19.88,224241.33,438290.46
600328.SH,20220518,19.79,19.92,19.3,19.36,182479.35,356480.393
600328.SH,20220517,19.6,20.1,19.2,19.84,274522.29,538001.309
600328.SH,20220516,18.94,20.09,18.84,19.8,308184.87,602829.254
600328.SH,20220513,18.47,18.97,18.2,18.76,222183.72,414375.976
600328.SH,20220512,18.4,18.93,18.0,18.23,182052.47,334805.182
600328.SH,20220511,18.75,19.44,18.4,18.62,248359.2,468245.412
600328.SH,20220510,18.2,18.74,17.74,18.64,220514.42,403571.807
600328.SH,20220509,18.71,19.08,18.37,18.96,154929.35,290356.319
600328.SH,20220506,18.17,19.56,18.05,18.75,274262.84,518764.575
600328.SH,20220505,17.66,19.53,17.59,18.84,271650.64,506236.04
600328.SH,20220429,16.58,18.1,16.34,17.89,255490.0,441553.006
600328.SH,20220428,16.25,17.07,16.13,16.46,257823.87,426361.98
600328.SH,20220427,14.53,16.19,14.25,16.19,322909.96,502195.688
600328.SH,20220426,16.4,16.55,14.72,14.72,273129.18,415700.429
600328.SH,20220425,17.71,17.87,16.36,16.36,286900.69,486531.108
600328.SH,20220422,18.21,18.92,18.0,18.18,258480.14,476040.82
600328.SH,20220421,19.21,19.21,17.74,17.85,253425.55,462940.696
600328.SH,20220420,19.58,19.8,18.88,19.21,223802.34,430548.178
600328.SH,20220419,19.15,19.98,19.0,19.62,227326.89,444632.817
600328.SH,20220418,18.76,19.85,18.27,19.19,364484.31,699963.2
600328.SH,20220415,19.9,21.5,19.0,19.07,576246.88,1161728.251
600328.SH,20220414,18.86,20.26,18.52,20.13,572103.05,1110029.629
600328.SH,20220413,18.25,19.97,17.79,18.92,564036.29,1062861.725
600328.SH,20220412,17.3,18.55,17.24,18.36,497673.11,901408.057
600328.SH,20220411,16.58,17.66,16.51,17.37,457492.69,793623.517
600328.SH,20220408,16.0,16.96,15.74,16.79,230705.03,378754.665
600328.SH,20220407,16.03,16.37,15.99,16.01,90162.69,145313.466
600328.SH,20220406,16.43,16.44,15.98,16.3,107672.32,173897.52
600328.SH,20220401,16.38,16.6,16.22,16.44,101215.71,165903.745
600328.SH,20220331,17.0,17.0,16.29,16.6,148296.8,245385.744
600328.SH,20220330,16.19,16.93,15.97,16.77,281746.33,464487.057
600328.SH,20220329,15.86,16.25,15.48,16.14,177086.15,282639.501
600328.SH,20220328,15.75,15.9,15.23,15.79,131184.01,204203.533
600328.SH,20220325,15.7,16.01,15.64,15.75,140051.21,221634.715
600328.SH,20220324,15.53,15.93,15.38,15.71,126285.62,198037.946
600328.SH,20220323,15.7,15.77,15.49,15.64,100730.01,157066.776
600328.SH,20220322,15.3,15.97,15.15,15.7,162816.27,253667.094
600328.SH,20220321,15.3,15.53,15.15,15.34,93921.42,144157.496
600328.SH,20220318,15.0,15.36,14.89,15.34,127501.55,193761.525
600328.SH,20220317,14.63,15.61,14.63,15.04,235036.01,357095.566
600328.SH,20220316,14.29,14.88,13.41,14.67,232426.61,329501.273
600328.SH,20220315,15.01,15.11,13.98,14.01,188590.93,273847.313
600328.SH,20220314,15.47,15.7,15.1,15.11,107088.04,165002.447
600328.SH,20220311,15.1,15.85,14.99,15.71,211088.35,324599.037
600328.SH,20220310,15.16,15.9,14.88,15.46,317954.07,490176.618
600328.SH,20220309,15.52,15.67,14.08,14.94,359410.37,531238.53
600328.SH,20220308,17.11,17.11,15.51,15.6,406516.36,648322.197
600328.SH,20220307,17.03,17.49,16.99,17.23,170200.57,293702.712
600328.SH,20220304,17.52,17.65,17.08,17.12,161639.1,280166.629
600328.SH,20220303,17.68,17.96,17.5,17.66,243800.57,432325.076
600328.SH,20220302,16.91,17.75,16.88,17.72,350712.51,615704.823
600328.SH,20220301,17.13,17.32,16.85,16.97,155454.02,264728.006
600328.SH,20220228,17.12,17.24,16.68,17.16,177476.62,301480.008
600328.SH,20220225,17.2,17.52,17.07,17.32,264572.27,459101.085
600328.SH,20220224,17.71,18.06,16.8,17.22,391469.43,684144.979
600328.SH,20220223,17.3,18.0,17.14,17.99,430888.15,759207.547
600328.SH,20220222,16.68,17.48,16.62,17.3,311323.1,532369.063
600328.SH,20220221,16.89,16.91,16.58,16.87,180344.64,302015.349
600328.SH,20220218,16.34,17.12,16.28,16.96,258237.05,435055.778
600328.SH,20220217,16.36,16.74,16.2,16.53,224024.7,369901.134
600328.SH,20220216,16.4,16.77,16.32,16.43,165285.39,272179.093
600328.SH,20220215,16.28,16.42,16.08,16.32,145693.46,236690.568
600328.SH,20220214,17.01,17.01,16.26,16.44,269243.68,444849.084
600328.SH,20220211,16.89,17.44,16.7,17.11,404460.48,694974.133
600328.SH,20220210,16.11,17.13,16.02,17.0,369491.02,618062.375
600328.SH,20220209,15.98,16.1,15.82,16.05,115463.8,184408.933
600328.SH,20220208,15.64,16.1,15.37,16.06,144587.6,227701.394
600328.SH,20220207,15.2,15.82,15.12,15.64,131954.58,205635.473
600328.SH,20220128,15.13,15.25,14.62,14.91,106979.89,160184.235
600328.SH,20220127,15.04,15.77,15.04,15.13,129355.53,198578.997
600328.SH,20220126,15.12,15.4,14.9,15.18,81696.44,123612.758
600328.SH,20220125,16.05,16.15,14.9,15.1,150575.65,233232.855
600328.SH,20220124,15.82,16.32,15.68,16.13,97099.71,155668.275
600328.SH,20220121,15.76,16.0,15.48,15.99,116492.13,182950.25
600328.SH,20220120,16.45,16.46,15.69,15.75,160418.04,255424.09
600328.SH,20220119,16.55,16.68,16.0,16.26,135936.09,222630.435
600328.SH,20220118,16.68,16.86,16.48,16.52,130179.48,216847.802
600328.SH,20220117,16.82,16.85,16.42,16.77,155063.69,257465.941
600328.SH,20220114,16.72,16.98,16.6,16.87,148483.29,249173.699
600328.SH,20220113,17.0,17.35,16.85,16.87,223503.91,382291.564
600328.SH,20220112,17.0,17.05,16.68,16.97,212803.33,358712.67
600328.SH,20220111,16.01,17.2,16.01,17.0,481386.41,810144.738
600328.SH,20220110,16.0,16.19,15.8,16.06,98685.58,158031.483
600328.SH,20220107,16.05,16.2,15.88,15.92,126038.4,201775.602
600328.SH,20220106,15.78,16.28,15.65,16.11,151815.78,243419.101
600328.SH,20220105,16.07,16.22,15.65,15.77,160481.75,255108.05
600328.SH,20220104,16.46,16.59,15.71,16.07,236369.82,380171.586
600328.SH,20211231,16.35,16.46,16.28,16.41,105531.77,172838.435
600328.SH,20211230,16.36,16.48,16.24,16.32,138107.11,225828.629
600328.SH,20211229,16.57,16.68,16.45,16.49,140226.59,232169.159
600328.SH,20211228,16.83,16.83,16.38,16.53,172210.7,284004.156
600328.SH,20211227,16.25,16.86,16.25,16.73,232692.39,388056.039
600328.SH,20211224,16.6,16.68,16.05,16.06,182840.7,295906.022
600328.SH,20211223,16.63,16.85,16.45,16.6,145407.0,242085.399
600328.SH,20211222,16.33,16.82,16.33,16.63,171729.15,284914.042
600328.SH,20211221,16.0,16.3,15.95,16.24,155893.73,251757.774
600328.SH,20211220,17.3,17.33,15.99,16.09,393754.82,649547.647
600328.SH,20211217,17.89,18.05,17.49,17.49,223558.63,395956.759
600328.SH,20211216,17.82,17.94,17.58,17.94,199315.13,354680.695
600328.SH,20211215,17.87,18.0,17.62,17.76,164745.4,293349.212
600328.SH,20211214,17.93,17.93,17.71,17.88,168724.87,300382.627
600328.SH,20211213,18.34,18.38,17.89,18.0,257645.64,464215.361
600328.SH,20211210,17.75,18.38,17.72,18.33,295964.76,538259.963
600328.SH,20211209,18.01,18.12,17.6,17.88,301230.62,538877.953
600328.SH,20211208,18.9,18.9,18.2,18.39,499909.44,919232.342
600328.SH,20211207,19.23,19.3,18.63,19.1,412525.87,783980.896
600328.SH,20211206,18.3,19.27,18.17,18.93,600288.44,1132538.413
600328.SH,20211203,18.1,18.25,17.85,18.15,286373.55,517459.672
600328.SH,20211202,18.25,18.62,17.95,18.01,397925.5,724076.7
600328.SH,20211201,17.44,18.45,17.12,18.45,522119.58,926989.942
600328.SH,20211130,17.31,17.96,17.31,17.55,316124.33,559262.571
600328.SH,20211129,17.2,17.52,17.08,17.29,289917.16,501437.033
600328.SH,20211126,17.29,18.09,17.2,17.77,356015.98,631274.212
600328.SH,20211125,17.5,17.67,17.21,17.3,224761.61,390480.119
600328.SH,20211124,17.89,17.89,17.26,17.6,394383.93,692486.23
600328.SH,20211123,17.28,18.4,17.11,18.04,580291.21,1044258.004
600328.SH,20211122,17.2,17.56,17.05,17.28,386409.49,669197.989
600328.SH,20211119,16.26,17.5,16.04,17.2,544380.4,915700.502
600328.SH,20211118,15.99,16.66,15.9,16.39,379967.84,620426.448
600328.SH,20211117,15.7,16.05,15.64,16.0,245380.97,389648.771
600328.SH,20211116,16.4,16.4,15.59,15.63,331414.93,527663.12
600328.SH,20211115,16.82,16.82,16.08,16.32,318533.53,518566.627
600328.SH,20211112,17.04,17.15,16.68,16.7,289555.02,489325.884
600328.SH,20211111,16.94,17.21,16.73,16.95,348803.14,591832.984
600328.SH,20211110,17.04,17.04,16.22,16.95,381985.58,635836.298
600328.SH,20211109,16.91,17.25,16.6,17.2,352104.14,598075.626
600328.SH,20211108,16.62,17.05,16.53,16.91,316708.04,532669.026
600328.SH,20211105,17.4,17.6,16.58,16.58,443775.97,751714.642
600328.SH,20211104,17.22,17.79,16.96,17.5,518233.46,901283.777
600328.SH,20211103,17.0,17.28,16.37,17.2,490937.09,827568.28
600328.SH,20211102,18.33,18.49,16.6,17.04,683359.97,1185933.372
600328.SH,20211101,18.92,19.06,18.09,18.39,487779.77,903888.077
600328.SH,20211029,19.81,20.23,18.55,19.06,538971.37,1038624.581
600328.SH,20211028,22.0,22.0,20.03,20.03,664316.78,1370419.638
600328.SH,20211027,21.0,22.83,20.6,22.25,668886.75,1453816.927
600328.SH,20211026,21.75,22.19,21.18,21.24,389043.77,839998.906
600328.SH,20211025,20.08,21.71,20.08,21.68,416663.05,882029.143
600328.SH,20211022,21.83,22.04,20.73,20.92,561495.87,1202685.702
600328.SH,20211021,21.62,22.91,21.2,22.39,617084.96,1369849.927
600328.SH,20211020,20.71,21.93,20.11,21.61,534890.01,1132373.16
600328.SH,20211019,20.55,22.0,19.92,21.39,580807.34,1235207.242
600328.SH,20211018,20.38,20.63,19.68,20.57,418612.65,846894.915
600328.SH,20211015,20.22,20.5,19.73,20.07,228123.58,459859.032
600328.SH,20211014,19.91,20.52,19.43,20.11,253947.17,509789.944
600328.SH,20211013,20.75,20.86,19.72,20.23,273012.72,551882.097
600328.SH,20211012,21.58,21.79,20.02,20.69,319679.2,661781.042
600328.SH,20211011,21.55,22.0,20.75,21.58,324671.09,697661.119
600328.SH,20211008,22.73,22.88,21.17,21.36,355660.81,769918.67
600328.SH,20210930,21.64,22.63,21.46,22.39,358602.44,796215.51
600328.SH,20210929,23.56,23.58,21.32,21.35,442191.32,975576.123
600328.SH,20210928,24.85,24.85,23.0,23.64,368655.97,874180.544
600328.SH,20210927,26.21,27.0,23.21,24.11,642073.44,1598274.7
600328.SH,20210924,26.18,27.47,25.37,25.73,630952.56,1667156.463
600328.SH,20210923,29.4,29.66,26.46,26.46,536708.42,1459310.0
600328.SH,20210922,28.74,29.84,27.2,29.4,488350.85,1411333.67
600328.SH,20210917,28.2,31.0,26.88,28.41,774016.5,2246650.631
600328.SH,20210916,28.42,30.5,28.4,28.8,690954.38,2025742.612
600328.SH,20210915,27.0,29.55,26.68,28.4,571370.58,1605702.961
600328.SH,20210914,29.52,29.55,27.36,27.81,844877.9,2389463.226
600328.SH,20210913,26.1,29.39,26.1,29.39,644736.82,1834853.164
600328.SH,20210910,26.9,27.51,26.04,26.72,604085.95,1614430.719
600328.SH,20210909,25.78,27.74,25.3,26.95,907436.66,2422425.623
600328.SH,20210908,24.5,25.77,24.24,25.77,929946.3,2367281.898
600328.SH,20210907,21.61,23.43,21.46,23.43,576022.96,1300234.883
600328.SH,20210906,21.17,21.88,20.56,21.3,497090.34,1055122.911
600328.SH,20210903,21.42,22.44,20.38,20.84,560843.38,1192681.12
600328.SH,20210902,20.2,21.59,20.11,21.39,683506.89,1433272.481
600328.SH,20210901,22.44,22.67,20.34,20.34,768645.01,1629029.232
600328.SH,20210831,21.9,23.17,21.18,22.6,857364.04,1910276.956
600328.SH,20210830,21.0,23.56,20.84,22.03,1266242.55,2770638.445
600328.SH,20210827,19.87,21.87,19.29,21.87,1126799.63,2352041.576
600328.SH,20210826,19.01,19.88,19.01,19.88,870285.05,1721734.012
600328.SH,20210825,18.0,18.23,17.32,18.07,591698.88,1059043.975
600328.SH,20210824,16.93,17.87,16.72,17.87,569619.41,994064.821
600328.SH,20210823,16.87,17.15,16.55,17.12,433571.03,733730.352
600328.SH,20210820,16.18,17.08,15.75,16.86,355516.77,583968.565
600328.SH,20210819,16.6,16.64,15.67,16.18,308960.38,497786.653
600328.SH,20210818,16.59,16.94,16.23,16.34,336315.51,555244.043
600328.SH,20210817,17.04,17.27,16.15,16.25,453725.89,756204.013
600328.SH,20210816,17.55,18.25,17.05,17.28,532702.48,939261.646
600328.SH,20210813,17.57,18.32,17.41,17.56,607783.69,1086452.719
600328.SH,20210812,17.02,18.19,16.4,17.79,722902.74,1254367.825
600328.SH,20210811,16.7,17.4,16.5,17.13,499745.55,847396.424
600328.SH,20210810,16.99,18.1,16.33,17.05,812990.09,1402690.092
600328.SH,20210809,16.11,17.14,15.55,17.12,692054.94,1125958.141
600328.SH,20210806,15.34,16.34,15.01,16.05,623552.09,987621.202
600328.SH,20210805,14.91,15.45,14.44,15.32,542815.72,819815.981
600328.SH,20210804,14.5,15.04,14.23,14.92,461022.6,680168.743
600328.SH,20210803,15.33,15.34,14.03,14.16,606232.5,880944.316
600328.SH,20210802,15.01,15.89,14.61,15.33,584789.23,893566.728
600328.SH,20210730,17.85,17.95,15.42,15.42,1124033.12,1802007.771
600328.SH,20210729,16.72,17.47,16.43,17.13,639683.34,1092568.071
600328.SH,20210728,16.0,16.92,15.14,16.26,685667.16,1109102.093
600328.SH,20210727,18.44,18.92,16.71,16.71,719231.31,1259594.412
600328.SH,20210726,18.1,19.15,17.79,18.57,630595.68,1166067.918
600328.SH,20210723,18.4,19.5,17.88,18.04,581081.02,1087940.165
600328.SH,20210722,18.2,18.74,17.68,18.35,518859.78,945433.729
600328.SH,20210721,17.41,18.66,16.97,18.39,679399.24,1212109.191
600328.SH,20210720,16.5,17.53,16.13,17.37,589645.39,999930.203
600328.SH,20210719,19.09,19.5,17.18,17.18,973074.21,1767955.503
600328.SH,20210716,18.0,19.69,17.69,19.09,853385.46,1645423.455
600328.SH,20210715,17.1,17.9,16.7,17.9,498732.24,863908.665
600328.SH,20210714,16.9,18.3,16.5,17.32,579478.9,1004342.049
600328.SH,20210713,16.39,17.71,16.2,17.3,569939.96,961847.155
600328.SH,20210712,15.1,16.91,15.01,16.61,696390.64,1126674.184
600328.SH,20210709,14.08,15.5,13.66,15.38,627355.76,912925.088
600328.SH,20210708,13.52,14.39,13.28,14.26,535661.23,746990.149
600328.SH,20210707,13.35,13.75,13.26,13.58,323023.59,437288.738
600328.SH,20210706,13.81,14.29,13.06,13.67,533919.74,734845.486
600328.SH,20210705,13.18,13.76,13.1,13.64,305567.6,413042.239
600328.SH,20210702,13.1,13.66,13.1,13.19,314849.61,422024.281
600328.SH,20210701,14.0,14.06,13.3,13.32,369889.97,500402.259
600328.SH,20210630,13.89,14.15,13.68,13.97,390064.52,542913.466
600328.SH,20210629,13.4,14.2,13.21,13.9,622618.41,856932.031
600328.SH,20210628,13.0,13.68,12.87,13.07,496135.11,661928.803
600328.SH,20210625,12.23,13.38,12.02,13.05,506825.02,648227.936
600328.SH,20210624,12.9,12.91,12.15,12.29,477017.3,594043.961
600328.SH,20210623,13.07,13.34,12.89,13.1,420798.97,552825.293
600328.SH,20210622,13.05,13.56,12.77,12.95,387393.39,504456.581
600328.SH,20210621,13.1,13.38,12.94,13.08,391267.21,514244.695
600328.SH,20210618,12.39,13.6,12.16,13.23,655642.49,861427.88
600328.SH,20210617,12.66,12.66,11.88,12.39,454867.94,557495.891
600328.SH,20210616,12.8,12.98,12.17,12.2,657976.42,823267.922
600328.SH,20210615,11.46,12.62,11.16,12.62,638604.97,772152.653
600328.SH,20210611,11.58,11.91,11.3,11.47,348936.98,402880.733
600328.SH,20210610,12.03,12.18,11.61,11.7,427960.57,506049.382
600328.SH,20210609,11.9,12.47,11.13,12.43,697024.36,817730.572
600328.SH,20210608,11.93,12.92,11.61,12.36,758704.72,935882.897
600328.SH,20210607,11.75,12.12,11.52,11.9,461304.56,543707.551
600328.SH,20210604,11.61,12.28,11.56,11.78,463709.1,555210.442
600328.SH,20210603,11.7,12.27,11.43,11.86,560659.71,663931.325
600328.SH,20210602,11.79,12.07,11.6,11.71,494086.87,584087.335
600328.SH,20210601,12.25,12.33,11.77,11.89,723103.23,867992.666
600328.SH,20210531,12.01,13.06,12.0,12.59,1012879.1,1268485.66
600328.SH,20210528,10.85,11.87,10.67,11.87,1034553.27,1194384.597
600328.SH,20210527,10.78,11.13,10.7,10.79,629619.92,683531.01
600328.SH,20210526,10.66,11.49,10.51,10.99,963238.94,1057073.488
600328.SH,20210525,10.5,11.11,10.47,10.65,1117091.69,1210230.277
600328.SH,20210524,10.1,10.1,10.1,10.1,97331.98,98305.3
600328.SH,20210521,9.2,9.31,9.08,9.18,126774.8,116823.254
600328.SH,20210520,9.53,9.53,9.12,9.16,283690.08,262088.643
600328.SH,20210519,9.79,9.9,9.63,9.81,181405.42,176615.878
600328.SH,20210518,9.56,9.96,9.5,9.9,256846.95,250960.469
600328.SH,20210517,9.43,9.63,9.4,9.43,148042.38,140577.557
600328.SH,20210514,9.69,9.93,9.46,9.54,217077.93,209076.569
600328.SH,20210513,9.98,10.25,9.68,9.73,295539.18,293636.862
600328.SH,20210512,9.39,10.16,9.38,10.0,354408.62,343723.128
600328.SH,20210511,9.76,9.76,9.22,9.51,280301.69,265089.276
600328.SH,20210510,9.31,9.82,9.25,9.82,364321.44,345650.136
600328.SH,20210507,9.1,9.4,8.92,9.26,319590.87,293565.375
600328.SH,20210506,8.65,9.03,8.64,9.03,308592.16,274930.241
600328.SH,20210430,8.67,8.75,8.52,8.6,134412.78,116185.136
600328.SH,20210429,8.54,8.77,8.48,8.69,185395.46,160755.907
600328.SH,20210428,8.5,8.6,8.33,8.45,123795.0,104405.355
600328.SH,20210427,8.64,8.84,8.53,8.6,162828.58,141239.412
600328.SH,20210426,8.57,8.86,8.56,8.66,197600.56,172936.528
600328.SH,20210423,8.54,8.84,8.45,8.56,173807.8,149747.415
600328.SH,20210422,8.79,8.79,8.35,8.53,246217.59,210393.679
600328.SH,20210421,8.49,8.82,8.45,8.73,167502.04,145253.369
600328.SH,20210420,8.59,8.73,8.41,8.6,138829.58,118712.558
600328.SH,20210419,8.45,8.72,8.38,8.58,146012.5,125185.128
600328.SH,20210416,8.34,8.69,8.3,8.39,171422.21,145751.841
600328.SH,20210415,8.27,8.37,8.21,8.28,82307.72,68188.761
600328.SH,20210414,8.55,8.58,8.19,8.37,175915.91,146747.156
600328.SH,20210413,8.44,8.65,8.18,8.55,224550.92,189013.368
600328.SH,20210412,8.88,9.11,8.26,8.31,198590.47,170710.607
600328.SH,20210409,8.58,8.73,8.56,8.65,105056.81,90811.7
600328.SH,20210408,8.7,8.83,8.65,8.71,130613.22,114007.96
600328.SH,20210407,8.62,8.87,8.58,8.84,165039.75,144301.059
600328.SH,20210406,8.48,8.66,8.36,8.59,166441.85,141867.135
600328.SH,20210402,8.15,8.79,8.15,8.62,288499.04,246052.771
600328.SH,20210401,8.0,8.06,7.92,8.05,68145.9,54575.549
600328.SH,20210331,8.05,8.09,7.95,8.02,72470.0,58040.878
600328.SH,20210330,8.06,8.09,7.95,8.01,74013.64,59299.568
600328.SH,20210329,7.94,8.15,7.88,8.14,131094.31,105398.438
600328.SH,20210326,7.8,7.93,7.79,7.93,104040.29,81977.455
600328.SH,20210325,7.8,7.94,7.77,7.8,99766.0,78159.969
600328.SH,20210324,8.29,8.3,7.82,7.87,225943.7,180611.585
600328.SH,20210323,8.84,8.94,8.29,8.35,250164.33,212423.551
600328.SH,20210322,8.75,9.54,8.74,8.83,306017.91,277341.126
600328.SH,20210319,9.19,9.44,8.71,8.85,325369.9,292939.667
600328.SH,20210318,8.86,9.66,8.81,9.37,391995.24,365271.863
600328.SH,20210317,8.88,8.88,8.56,8.86,233049.62,202740.489
600328.SH,20210316,8.86,8.99,8.61,8.98,308517.72,273026.397
600328.SH,20210315,8.64,9.11,8.59,9.11,388298.18,345261.597
600328.SH,20210312,8.66,8.78,8.39,8.58,270969.74,231881.402
600328.SH,20210311,8.31,8.88,8.17,8.64,400479.42,341788.902
600328.SH,20210310,8.62,9.3,8.17,8.29,522509.94,440184.996
600328.SH,20210309,8.78,9.67,8.76,8.99,925145.75,861974.648
600328.SH,20210308,8.3,8.79,8.3,8.79,351358.98,306391.623
600328.SH,20210305,8.26,8.35,7.99,7.99,228154.61,185176.225
600328.SH,20210304,8.47,8.57,8.15,8.41,381957.88,319901.605
600328.SH,20210303,8.65,8.95,8.56,8.77,438935.62,384804.676
600328.SH,20210302,8.72,8.85,8.4,8.58,508656.9,439950.663
600328.SH,20210301,8.05,8.78,8.05,8.63,553871.56,462606.574
600328.SH,20210226,7.9,8.22,7.78,8.0,477081.56,381250.043
600328.SH,20210225,8.6,8.98,8.17,8.44,761218.78,646389.47
600328.SH,20210224,9.25,9.25,8.21,8.53,1098291.22,965975.471
600328.SH,20210223,8.5,8.54,8.06,8.54,435764.26,370355.957
600328.SH,20210222,7.2,7.76,7.2,7.76,396755.87,305742.04
600328.SH,20210219,6.75,7.07,6.72,7.05,159470.1,111138.145
600328.SH,20210218,6.6,6.79,6.59,6.76,83227.5,55821.733
600328.SH,20210210,6.49,6.53,6.44,6.49,37257.4,24136.811
600328.SH,20210209,6.4,6.54,6.36,6.49,54022.0,34884.405
600328.SH,20210208,6.26,6.46,6.24,6.35,47775.62,30489.031
600328.SH,20210205,6.31,6.38,6.23,6.25,39337.0,24716.197
600328.SH,20210204,6.29,6.42,6.25,6.33,47641.0,30078.575
600328.SH,20210203,6.59,6.61,6.27,6.27,101438.01,65011.493
600328.SH,20210202,6.65,6.67,6.59,6.63,60456.0,40064.73
600328.SH,20210201,6.79,6.85,6.62,6.69,87765.0,58729.767
600328.SH,20210129,6.68,6.96,6.6,6.77,126976.54,86167.567
600328.SH,20210128,6.78,6.84,6.62,6.64,87952.97,58920.648
600328.SH,20210127,6.7,6.9,6.7,6.87,92345.0,63014.681
600328.SH,20210126,6.84,6.84,6.61,6.76,120638.3,81081.472
600328.SH,20210125,6.71,7.12,6.69,6.95,220293.06,152193.457
600328.SH,20210122,6.55,6.88,6.5,6.71,160640.36,108634.718
600328.SH,20210121,6.51,6.61,6.47,6.56,50772.0,33262.291
600328.SH,20210120,6.53,6.59,6.44,6.51,36061.31,23420.957
600328.SH,20210119,6.56,6.62,6.5,6.53,37605.2,24662.463
600328.SH,20210118,6.39,6.63,6.37,6.55,52161.79,34142.741
600328.SH,20210115,6.42,6.47,6.36,6.42,40525.71,25972.026
600328.SH,20210114,6.19,6.47,6.19,6.42,63704.32,40636.505
600328.SH,20210113,6.32,6.33,6.15,6.2,60221.29,37410.331
600328.SH,20210112,6.26,6.35,6.23,6.29,26805.0,16878.724
600328.SH,20210111,6.48,6.48,6.25,6.26,67748.01,42933.618
600328.SH,20210108,6.44,6.57,6.28,6.49,49470.95,31724.939
600328.SH,20210107,6.58,6.61,6.42,6.49,58475.52,38145.234
600328.SH,20210106,6.67,6.69,6.51,6.58,63384.46,41646.97
600328.SH,20210105,6.67,6.7,6.62,6.66,52839.0,35175.929
600328.SH,20210104,6.68,6.74,6.6,6.71,73677.72,49141.062
600328.SH,20201231,6.68,6.73,6.64,6.67,51125.63,34173.66
600328.SH,20201230,6.66,6.74,6.61,6.67,41829.61,27966.95
600328.SH,20201229,6.68,6.78,6.62,6.66,54452.61,36467.981
600328.SH,20201228,6.76,6.79,6.64,6.65,53890.01,36128.499
600328.SH,20201225,6.52,6.79,6.46,6.75,89767.22,59967.219
600328.SH,20201224,6.71,6.71,6.46,6.52,69670.11,45647.005
600328.SH,20201223,6.61,6.79,6.56,6.71,51892.01,34769.467
600328.SH,20201222,6.82,6.87,6.6,6.61,80731.67,54403.256
600328.SH,20201221,6.7,6.86,6.69,6.83,74164.0,50327.92
600328.SH,20201218,6.64,6.74,6.63,6.67,48951.0,32725.261
600328.SH,20201217,6.58,6.65,6.44,6.64,53537.68,35105.021
600328.SH,20201216,6.6,6.67,6.54,6.58,45547.2,29985.254
600328.SH,20201215,6.6,6.66,6.56,6.62,32874.41,21733.287
600328.SH,20201214,6.54,6.7,6.49,6.65,51731.64,34069.243
600328.SH,20201211,6.66,6.72,6.48,6.52,70942.67,46736.312
600328.SH,20201210,6.66,6.83,6.62,6.7,66229.52,44493.624
600328.SH,20201209,6.73,6.81,6.63,6.66,56400.56,37932.473
600328.SH,20201208,6.7,6.79,6.7,6.74,37459.86,25264.697
600328.SH,20201207,6.8,6.83,6.73,6.74,63608.51,43087.794
600328.SH,20201204,6.72,6.87,6.66,6.85,98666.27,66661.603
600328.SH,20201203,6.82,6.85,6.71,6.71,90197.0,60939.689
600328.SH,20201202,6.91,6.96,6.84,6.84,66642.01,45868.078
600328.SH,20201201,6.92,6.96,6.82,6.93,60316.67,41535.781
600328.SH,20201130,6.95,7.04,6.91,6.92,74896.77,52254.71
600328.SH,20201127,6.97,7.01,6.87,6.96,58484.28,40584.75
600328.SH,20201126,7.03,7.05,6.87,6.99,67938.22,47251.123
600328.SH,20201125,7.17,7.21,7.0,7.01,102337.66,72566.221
600328.SH,20201124,7.23,7.23,7.08,7.16,118774.83,84694.619
600328.SH,20201123,6.93,7.34,6.92,7.22,208480.36,149676.74
600328.SH,20201120,6.84,7.03,6.73,6.97,122537.27,84357.09
600328.SH,20201119,6.95,7.04,6.84,6.87,107847.78,74371.539
600328.SH,20201118,7.02,7.09,6.9,6.96,150426.64,104871.844
600328.SH,20201117,6.81,7.26,6.73,7.04,265295.83,185887.66
600328.SH,20201116,6.66,6.85,6.6,6.81,179761.84,121239.394
600328.SH,20201113,6.56,6.89,6.56,6.69,332593.8,222494.412
600328.SH,20201112,8.21,8.21,7.25,7.28,721762.57,571917.228
600328.SH,20201111,6.78,7.46,6.75,7.46,272447.16,192460.071
600328.SH,20201110,6.69,6.84,6.65,6.78,131882.78,89115.181
600328.SH,20201109,6.58,6.68,6.55,6.68,77685.23,51433.175
600328.SH,20201106,6.48,6.58,6.45,6.54,57068.39,37077.797
600328.SH,20201105,6.35,6.51,6.32,6.5,70801.08,45396.947
600328.SH,20201104,6.41,6.41,6.26,6.31,32429.38,20497.514
600328.SH,20201103,6.17,6.39,6.16,6.37,57091.89,35972.984
600328.SH,20201102,6.23,6.26,6.12,6.13,73051.41,45106.586
600328.SH,20201030,6.48,6.51,6.23,6.27,93180.0,59337.002
600328.SH,20201029,6.47,6.53,6.43,6.48,61387.81,39842.747
600328.SH,20201028,6.51,6.62,6.47,6.54,82061.38,53630.341
600328.SH,20201027,6.62,6.64,6.46,6.47,95100.81,62236.65
600328.SH,20201026,7.15,7.15,6.59,6.63,187794.08,127227.083
600328.SH,20201023,7.27,7.28,7.15,7.18,17093.95,12318.346
600328.SH,20201022,7.27,7.31,7.22,7.25,18669.0,13553.109
600328.SH,20201021,7.29,7.32,7.19,7.23,16738.0,12101.414
600328.SH,20201020,7.27,7.34,7.21,7.29,14768.49,10724.012
600328.SH,20201019,7.31,7.34,7.23,7.27,17872.0,13034.89
600328.SH,20201016,7.29,7.33,7.2,7.26,19418.61,14076.714
600328.SH,20201015,7.39,7.39,7.27,7.29,22396.18,16385.896
600328.SH,20201014,7.43,7.47,7.35,7.35,26891.22,19902.439
600328.SH,20201013,7.44,7.49,7.4,7.43,22984.51,17084.148
600328.SH,20201012,7.36,7.5,7.36,7.47,33690.71,25067.262
600328.SH,20201009,7.3,7.41,7.3,7.39,22938.8,16921.253
600328.SH,20200930,7.22,7.34,7.16,7.26,17708.01,12865.103
600328.SH,20200929,7.24,7.27,7.21,7.21,11343.01,8204.826
600328.SH,20200928,7.21,7.27,7.17,7.2,12797.0,9231.024
600328.SH,20200925,7.28,7.31,7.15,7.21,20857.01,15067.29
600328.SH,20200924,7.3,7.37,7.19,7.24,41042.5,29758.525
600328.SH,20200923,7.39,7.44,7.26,7.32,27661.0,20276.93
600328.SH,20200922,7.43,7.5,7.37,7.4,23211.04,17261.89
600328.SH,20200921,7.5,7.52,7.45,7.49,19473.03,14580.452
600328.SH,20200918,7.52,7.65,7.48,7.63,30656.01,23220.369
600328.SH,20200917,7.57,7.61,7.5,7.53,22401.0,16894.758
600328.SH,20200916,7.58,7.65,7.53,7.56,19843.0,15060.932
600328.SH,20200915,7.5,7.65,7.45,7.61,31641.86,23885.955
600328.SH,20200914,7.5,7.58,7.4,7.5,35251.05,26388.068
600328.SH,20200911,7.45,7.54,7.43,7.51,22863.72,17110.346
600328.SH,20200910,7.75,7.8,7.47,7.47,52426.01,39946.134
600328.SH,20200909,7.72,7.84,7.68,7.73,50618.7,39362.109
600328.SH,20200908,7.75,7.81,7.68,7.78,39264.0,30438.933
600328.SH,20200907,7.86,7.94,7.72,7.74,54848.16,43032.606
600328.SH,20200904,7.93,7.93,7.81,7.87,53793.01,42254.964
600328.SH,20200903,8.03,8.13,7.97,8.01,43975.64,35385.454
600328.SH,20200902,8.16,8.17,7.99,8.03,65952.59,53191.199
600328.SH,20200901,8.13,8.17,8.05,8.13,78287.1,63419.183
600328.SH,20200831,8.05,8.29,7.98,8.22,143838.61,117649.125
600328.SH,20200828,7.91,7.93,7.82,7.92,39256.82,30920.474
600328.SH,20200827,7.82,7.93,7.78,7.91,31395.83,24724.888
600328.SH,20200826,8.02,8.04,7.78,7.8,72323.0,57049.766
600328.SH,20200825,8.08,8.11,8.0,8.02,49155.9,39529.889
600328.SH,20200824,8.08,8.09,8.0,8.03,53493.9,42942.914
600328.SH,20200821,8.06,8.16,7.98,8.09,61228.35,49411.122
600328.SH,20200820,8.18,8.18,7.98,7.98,76350.0,61529.87
600328.SH,20200819,8.16,8.28,8.13,8.17,89464.42,73331.143
600328.SH,20200818,8.2,8.22,8.11,8.18,75702.35,61718.427
600328.SH,20200817,8.12,8.24,8.08,8.2,106532.6,86921.409
600328.SH,20200814,8.44,8.44,8.03,8.16,249962.8,203929.952
600328.SH,20200813,8.25,8.69,8.24,8.56,170619.1,145586.135
600328.SH,20200812,8.4,8.53,8.11,8.25,108951.0,89767.858
600328.SH,20200811,8.6,8.78,8.39,8.4,148177.02,127614.353
600328.SH,20200810,8.01,8.79,7.96,8.67,219654.57,186867.101
600328.SH,20200807,8.28,8.28,8.0,8.09,109076.64,88498.443
600328.SH,20200806,8.49,8.51,8.22,8.28,107736.29,89647.765
600328.SH,20200805,8.39,8.56,8.36,8.47,125799.86,106698.08
600328.SH,20200804,8.62,8.8,8.37,8.39,175898.44,151334.316
600328.SH,20200803,8.27,8.63,8.26,8.54,160273.89,135178.212
600328.SH,20200731,8.32,8.4,8.18,8.25,109579.28,90582.396
600328.SH,20200730,8.39,8.58,8.32,8.38,112605.31,95165.364
600328.SH,20200729,8.35,8.42,8.11,8.4,112136.98,93187.213
600328.SH,20200728,8.56,8.57,8.26,8.43,134070.54,112609.493
600328.SH,20200727,8.28,8.6,8.2,8.52,207597.12,175233.579
600328.SH,20200724,8.07,8.37,8.06,8.17,197143.72,161945.413
600328.SH,20200723,8.03,8.14,7.83,8.12,95603.98,76303.279
600328.SH,20200722,8.11,8.28,8.04,8.11,91724.0,74777.516
600328.SH,20200721,8.15,8.34,8.08,8.11,80573.19,65906.332
600328.SH,20200720,7.88,8.23,7.88,8.19,108030.52,87492.085
600328.SH,20200717,7.75,7.9,7.7,7.85,76521.67,59715.516
600328.SH,20200716,8.13,8.14,7.72,7.72,201888.01,160342.169
600328.SH,20200715,8.16,8.87,8.15,8.37,300273.45,254893.657
600328.SH,20200714,7.95,8.34,7.86,8.12,211672.84,171214.683
600328.SH,20200713,7.85,8.02,7.8,8.0,153768.36,121665.72
600328.SH,20200710,7.91,7.98,7.71,7.72,123076.15,96149.033
600328.SH,20200709,7.8,8.0,7.79,7.96,131308.95,103678.005
600328.SH,20200708,7.77,7.86,7.68,7.83,147389.67,114662.104
600328.SH,20200707,7.7,7.97,7.56,7.81,175216.05,136656.981
600328.SH,20200706,7.41,7.64,7.39,7.63,131136.89,98888.807
600328.SH,20200703,7.28,7.38,7.25,7.33,84613.69,61877.278
600328.SH,20200702,7.1,7.25,7.1,7.24,72494.72,52220.049
600328.SH,20200701,7.13,7.15,7.09,7.12,34280.93,24387.467
600328.SH,20200630,7.04,7.13,7.04,7.11,26287.0,18655.87
600328.SH,20200629,7.1,7.11,7.03,7.05,26735.99,18855.825
600328.SH,20200624,7.08,7.15,7.03,7.1,31242.08,22148.09
600328.SH,20200623,7.12,7.15,7.04,7.06,43905.92,31096.397
600328.SH,20200622,7.21,7.21,7.13,7.14,29689.0,21245.367
600328.SH,20200619,7.29,7.32,7.25,7.29,35910.68,26157.953
600328.SH,20200618,7.24,7.31,7.22,7.29,32932.0,23961.601
600328.SH,20200617,7.25,7.27,7.15,7.27,34684.0,25011.643
600328.SH,20200616,7.21,7.26,7.2,7.25,21917.21,15862.226
600328.SH,20200615,7.18,7.23,7.15,7.18,20744.88,14915.476
600328.SH,20200612,7.08,7.2,7.08,7.18,25011.84,17862.984
600328.SH,20200611,7.24,7.25,7.18,7.21,23748.08,17136.483
600328.SH,20200610,7.28,7.31,7.2,7.22,33024.58,23893.005
600328.SH,20200609,7.27,7.3,7.23,7.26,29256.34,21241.321
600328.SH,20200608,7.35,7.38,7.26,7.27,39673.09,29038.675
600328.SH,20200605,7.45,7.45,7.32,7.34,40591.46,29907.524
600328.SH,20200604,7.4,7.49,7.35,7.48,53540.19,39669.013
600328.SH,20200603,7.47,7.49,7.39,7.41,54245.2,40356.231
600328.SH,20200602,7.4,7.47,7.38,7.41,71627.02,53212.162
600328.SH,20200601,7.24,7.36,7.22,7.32,51083.78,37336.248
600328.SH,20200529,7.16,7.24,7.16,7.22,27405.85,19747.639
600328.SH,20200528,7.2,7.24,7.15,7.19,28945.57,20819.779
600328.SH,20200527,7.27,7.29,7.16,7.2,35110.37,25334.774
600328.SH,20200526,7.25,7.3,7.23,7.3,30088.63,21884.933
600328.SH,20200525,7.15,7.36,7.14,7.28,39180.64,28375.066
600328.SH,20200522,7.13,7.18,7.07,7.17,34269.47,24477.893
600328.SH,20200521,7.28,7.28,7.13,7.14,40782.0,29317.594
600328.SH,20200520,7.36,7.36,7.22,7.24,43259.15,31429.11
600328.SH,20200519,7.4,7.42,7.33,7.37,38883.76,28614.247
600328.SH,20200518,7.51,7.51,7.33,7.36,50398.1,37294.056
600328.SH,20200515,7.48,7.55,7.42,7.53,69037.48,51590.5
600328.SH,20200514,7.39,7.74,7.36,7.57,149675.16,113453.825
600328.SH,20200513,7.3,7.33,7.18,7.29,72151.37,52267.839
600328.SH,20200512,7.41,7.42,7.33,7.36,36328.1,26763.248
600328.SH,20200511,7.47,7.51,7.38,7.41,56777.97,42240.02
600328.SH,20200508,7.45,7.51,7.43,7.48,50301.51,37639.13
600328.SH,20200507,7.53,7.54,7.41,7.43,57613.0,42908.785
600328.SH,20200506,7.44,7.54,7.41,7.53,65222.52,48764.785
600328.SH,20200430,7.57,7.59,7.39,7.5,113965.07,85170.128
600328.SH,20200429,7.86,7.96,7.57,7.62,137063.0,105892.069
600328.SH,20200428,8.46,8.46,7.91,8.01,123370.93,100132.047
600328.SH,20200427,8.31,8.54,8.31,8.48,100703.66,85189.588
600328.SH,20200424,8.28,8.4,8.24,8.33,71044.31,59150.553
600328.SH,20200423,8.27,8.35,8.19,8.28,58709.85,48653.854
600328.SH,20200422,8.09,8.26,8.05,8.25,46132.56,37687.237
600328.SH,20200421,8.24,8.24,8.07,8.11,44867.6,36442.51
600328.SH,20200420,8.19,8.27,8.18,8.26,35716.82,29388.453
600328.SH,20200417,8.27,8.36,8.16,8.17,73933.93,61017.706
600328.SH,20200416,8.41,8.41,8.26,8.3,55888.0,46369.936
600328.SH,20200415,8.43,8.65,8.36,8.36,101404.26,86327.449
600328.SH,20200414,8.36,8.43,8.31,8.42,47183.58,39529.728
600328.SH,20200413,8.1,8.43,8.05,8.36,79285.15,65990.229
600328.SH,20200410,8.29,8.3,8.09,8.15,50643.54,41537.599
600328.SH,20200409,8.33,8.34,8.25,8.31,45672.97,37886.501
600328.SH,20200408,8.25,8.33,8.24,8.31,56273.0,46613.724
600328.SH,20200407,8.23,8.47,8.18,8.34,94254.79,78677.599
600328.SH,20200403,8.14,8.24,8.12,8.15,42674.46,34869.217
600328.SH,20200402,7.98,8.15,7.95,8.14,28491.0,22987.201
600328.SH,20200401,8.1,8.17,8.01,8.04,34387.0,27854.345
600328.SH,20200331,7.99,8.15,7.97,8.11,46340.44,37446.537
600328.SH,20200330,7.99,7.99,7.87,7.95,35624.0,28214.967
600328.SH,20200327,8.23,8.24,8.06,8.06,56537.0,46009.823
600328.SH,20200326,8.14,8.32,8.08,8.18,51002.6,41883.817
600328.SH,20200325,8.17,8.2,8.11,8.18,42429.99,34609.725
600328.SH,20200324,8.02,8.07,7.91,8.07,36171.06,28966.973
600328.SH,20200323,7.92,8.05,7.87,7.91,32805.89,26097.966
600328.SH,20200320,8.15,8.16,8.02,8.12,36032.13,29171.554
600328.SH,20200319,7.88,8.11,7.77,8.11,51517.72,40863.284
600328.SH,20200318,8.02,8.12,7.87,7.87,48492.0,38907.863
600328.SH,20200317,7.95,8.03,7.76,7.98,55626.69,43941.85
600328.SH,20200316,8.2,8.25,7.91,7.92,70177.08,56865.124
600328.SH,20200313,8.02,8.28,7.93,8.2,67306.59,54648.344
600328.SH,20200312,8.37,8.55,8.31,8.35,61553.01,51812.362
600328.SH,20200311,8.62,8.68,8.44,8.48,68638.87,58906.493
600328.SH,20200310,8.39,8.68,8.28,8.66,102093.31,86327.97
600328.SH,20200309,8.65,8.73,8.47,8.5,103166.57,88475.047
600328.SH,20200306,8.79,8.86,8.77,8.8,88187.35,77702.377
600328.SH,20200305,8.89,8.98,8.84,8.92,99672.65,88844.713
600328.SH,20200304,8.74,8.86,8.66,8.81,78948.91,69195.06
600328.SH,20200303,8.9,9.04,8.79,8.86,124911.08,111227.383
600328.SH,20200302,8.61,8.93,8.61,8.85,87392.62,76922.794
600328.SH,20200228,8.74,8.84,8.51,8.56,135635.78,117832.39
600328.SH,20200227,9.11,9.28,8.97,9.0,127072.23,115708.325
600328.SH,20200226,8.86,9.42,8.79,9.15,225568.07,207339.015
600328.SH,20200225,9.08,9.11,8.7,9.0,181810.52,163049.6
600328.SH,20200224,9.17,9.33,9.15,9.25,124643.78,115190.425
600328.SH,20200221,9.33,9.41,9.21,9.27,166401.19,154558.309
600328.SH,20200220,9.42,9.47,9.19,9.36,201525.12,187708.933
600328.SH,20200219,8.95,9.44,8.89,9.4,274227.88,253391.041
600328.SH,20200218,9.13,9.17,8.95,9.01,164856.87,148996.375
600328.SH,20200217,9.02,9.25,9.01,9.18,154577.83,141209.121
600328.SH,20200214,8.9,9.1,8.88,9.02,118597.94,106533.151
600328.SH,20200213,9.23,9.32,8.95,8.97,209103.0,190087.199
600328.SH,20200212,9.22,9.55,9.2,9.29,247271.25,231133.698
600328.SH,20200211,8.81,9.49,8.6,9.29,307533.07,278951.916
600328.SH,20200210,8.85,8.99,8.65,8.79,187599.02,164877.001
600328.SH,20200207,8.84,9.16,8.75,8.96,227755.66,203509.933
600328.SH,20200206,8.88,9.2,8.68,8.86,285858.88,256946.802
600328.SH,20200205,8.5,8.84,8.4,8.81,266284.07,230144.897
600328.SH,20200204,7.78,8.49,7.78,8.47,228395.83,187061.972
600328.SH,20200203,7.62,7.95,7.55,7.75,225297.03,173844.088
600328.SH,20200123,8.5,8.7,8.33,8.39,227686.21,193733.909
600328.SH,20200122,8.14,8.22,8.0,8.22,53210.13,43210.981
600328.SH,20200121,8.28,8.29,8.17,8.19,41059.32,33715.344
600328.SH,20200120,8.16,8.29,8.13,8.28,47851.19,39330.125
600328.SH,20200117,8.23,8.25,8.16,8.17,34999.0,28709.642
600328.SH,20200116,8.26,8.29,8.2,8.23,35460.0,29214.124
600328.SH,20200115,8.38,8.38,8.22,8.27,51365.93,42445.088
600328.SH,20200114,8.38,8.4,8.32,8.35,48405.11,40442.67
600328.SH,20200113,8.42,8.42,8.26,8.37,53117.0,44183.302
600328.SH,20200110,8.31,8.45,8.28,8.4,82677.04,69360.573
600328.SH,20200109,8.27,8.33,8.25,8.31,51754.75,42898.208
600328.SH,20200108,8.31,8.33,8.16,8.19,88941.66,73245.198
600328.SH,20200107,8.27,8.4,8.26,8.35,70508.38,58770.977
600328.SH,20200106,8.3,8.34,8.22,8.27,74911.82,62073.373
600328.SH,20200103,8.28,8.33,8.25,8.28,68435.41,56731.58
600328.SH,20200102,8.29,8.38,8.27,8.29,84413.0,70163.236
