ts_code,trade_date,open,high,low,close,vol,amount
600678.SH,20260416,10.54,10.6,10.42,10.59,93461.0,98267.915
600678.SH,20260415,10.58,10.66,10.47,10.53,95120.0,100604.961
600678.SH,20260414,10.52,10.56,10.37,10.52,77027.0,80440.314
600678.SH,20260413,10.36,10.5,10.36,10.47,59225.0,61759.755
600678.SH,20260410,10.39,10.58,10.39,10.45,68582.0,72008.43
600678.SH,20260409,10.58,10.59,10.35,10.39,76862.0,80185.02
600678.SH,20260408,10.29,10.6,10.29,10.6,111132.0,116469.022
600678.SH,20260407,10.0,10.22,9.97,10.17,84871.54,86017.872
600678.SH,20260403,10.33,10.39,9.93,9.94,112102.59,112608.851
600678.SH,20260402,10.52,10.57,10.27,10.33,76979.01,79971.394
600678.SH,20260401,10.71,10.83,10.46,10.58,110539.0,116994.322
600678.SH,20260331,10.42,10.87,10.38,10.5,148012.08,157588.639
600678.SH,20260330,10.09,10.54,10.07,10.48,201967.77,207446.616
600678.SH,20260327,10.46,10.7,10.38,10.7,65442.18,69502.024
600678.SH,20260326,10.68,10.79,10.52,10.57,78244.0,83128.693
600678.SH,20260325,10.55,10.72,10.47,10.72,94796.0,100817.179
600678.SH,20260324,10.27,10.5,10.11,10.49,143533.0,148175.443
600678.SH,20260323,10.2,10.46,9.92,10.06,146866.01,150054.021
600678.SH,20260320,11.01,11.06,10.51,10.51,132173.4,141863.816
600678.SH,20260319,11.17,11.21,11.0,11.02,121102.0,134236.614
600678.SH,20260318,11.17,11.57,10.97,11.43,189555.88,212060.8
600678.SH,20260317,11.45,11.79,11.27,11.3,197613.55,227754.206
600678.SH,20260316,11.28,11.5,11.16,11.28,140517.42,158575.634
600678.SH,20260313,11.3,11.95,11.23,11.48,268461.51,310678.981
600678.SH,20260312,11.31,11.41,11.13,11.18,97419.84,109373.653
600678.SH,20260311,11.49,11.54,11.32,11.36,97608.19,111194.361
600678.SH,20260310,11.45,11.59,11.45,11.5,90409.7,104088.201
600678.SH,20260309,11.3,11.43,11.17,11.39,112089.75,126567.022
600678.SH,20260306,11.26,11.47,11.2,11.46,102041.0,116428.532
600678.SH,20260305,11.31,11.44,11.2,11.31,114482.45,129347.436
600678.SH,20260304,10.87,11.24,10.81,11.14,128268.66,142235.934
600678.SH,20260303,11.77,11.88,11.12,11.13,226434.0,258487.622
600678.SH,20260302,12.12,12.13,11.77,11.81,235074.01,279742.413
600678.SH,20260227,12.27,12.36,12.15,12.33,147457.55,181168.28
600678.SH,20260226,12.4,12.43,12.27,12.3,158499.03,195309.994
600678.SH,20260225,12.3,12.53,12.2,12.48,214655.68,266881.851
600678.SH,20260224,12.18,12.37,12.18,12.25,151186.23,185567.646
600678.SH,20260213,12.15,12.21,12.04,12.07,116562.2,141276.96
600678.SH,20260212,12.11,12.26,12.01,12.1,157087.06,190692.596
600678.SH,20260211,12.31,12.49,12.21,12.22,182866.77,225716.943
600678.SH,20260210,12.47,12.48,12.17,12.28,248800.51,305976.615
600678.SH,20260209,12.44,12.68,12.42,12.6,224138.96,282140.304
600678.SH,20260206,12.22,12.52,12.14,12.28,286894.39,354053.986
600678.SH,20260205,13.16,13.16,12.52,12.6,446121.78,570208.563
600678.SH,20260204,13.1,13.65,13.03,13.55,680332.09,915454.729
600678.SH,20260203,12.87,13.18,12.78,13.17,542954.86,708750.924
600678.SH,20260202,12.95,13.26,12.68,12.92,486228.7,631559.486
600678.SH,20260130,13.03,13.45,12.69,12.91,775720.04,1007378.972
600678.SH,20260129,11.88,13.2,11.57,13.2,916772.59,1187009.518
600678.SH,20260128,12.27,12.29,11.98,12.0,181318.64,218461.131
600678.SH,20260127,12.36,12.4,11.9,12.29,216136.0,262822.398
600678.SH,20260126,13.0,13.0,12.38,12.48,325242.57,410808.288
600678.SH,20260123,12.68,13.45,12.55,13.09,433492.61,563262.754
600678.SH,20260122,12.33,12.66,12.33,12.65,255837.0,320922.902
600678.SH,20260121,12.15,12.33,12.08,12.33,157334.0,193121.422
600678.SH,20260120,12.62,12.69,12.18,12.25,289683.06,357312.517
600678.SH,20260119,12.78,12.79,12.58,12.62,271701.02,343855.719
600678.SH,20260116,12.78,12.99,12.67,12.89,304466.28,389895.657
600678.SH,20260115,12.8,12.84,12.5,12.65,412327.23,521022.009
600678.SH,20260114,13.18,13.65,12.95,13.04,689667.38,910704.71
600678.SH,20260113,14.73,14.87,13.72,13.72,914491.58,1274249.708
600678.SH,20260112,14.22,15.65,14.1,15.24,1222730.56,1858597.726
600678.SH,20260109,14.76,15.19,14.11,14.23,928395.51,1355159.897
600678.SH,20260108,14.38,14.83,14.09,14.48,870871.87,1258816.768
600678.SH,20260107,14.4,15.08,13.94,14.68,1099966.45,1590470.935
600678.SH,20260106,13.84,14.48,13.74,14.48,1012232.51,1438885.537
600678.SH,20260105,13.97,14.26,13.52,14.12,956667.65,1339350.833
600678.SH,20251231,13.59,13.98,13.3,13.69,1031434.65,1417590.624
600678.SH,20251230,12.7,13.83,12.43,13.41,881047.6,1171809.02
600678.SH,20251229,13.13,13.28,12.73,12.79,494007.01,638739.755
600678.SH,20251226,13.63,13.9,13.1,13.2,761711.34,1025479.251
600678.SH,20251225,13.06,13.58,12.83,13.52,763383.63,1015501.046
600678.SH,20251224,12.3,12.99,12.15,12.91,600826.55,761711.666
600678.SH,20251223,13.31,13.36,12.59,12.73,726061.44,927323.644
600678.SH,20251222,13.7,13.92,13.17,13.34,802368.85,1084441.335
600678.SH,20251219,12.7,14.0,12.69,13.5,1008735.81,1352716.716
600678.SH,20251218,12.29,14.03,12.29,12.96,1263462.48,1627811.975
600678.SH,20251217,14.04,14.45,13.66,13.66,387120.81,539908.851
600678.SH,20251216,13.64,15.69,13.2,15.18,1531765.25,2278330.442
600678.SH,20251215,13.83,15.39,13.83,14.26,1416045.41,2057344.112
600678.SH,20251212,15.68,15.68,13.73,14.14,1724549.74,2540244.288
600678.SH,20251211,14.72,14.73,14.3,14.73,425100.24,625088.736
600678.SH,20251210,11.81,13.39,11.7,13.39,770545.78,987908.248
600678.SH,20251209,11.61,12.5,11.52,12.17,942694.18,1152516.941
600678.SH,20251208,12.07,12.49,11.89,12.07,1088775.58,1323778.595
600678.SH,20251205,12.8,12.8,11.94,12.07,1566480.95,1933614.908
600678.SH,20251204,10.83,12.16,10.8,12.16,671257.64,791617.046
600678.SH,20251203,11.18,11.44,10.74,11.05,813503.19,899243.957
600678.SH,20251202,11.07,11.96,10.84,11.62,1173944.34,1340614.592
600678.SH,20251201,11.49,12.15,11.12,11.16,1367591.92,1571422.517
600678.SH,20251128,11.1,11.1,11.1,11.1,296572.59,329195.575
600678.SH,20251127,10.04,10.17,9.9,10.09,301822.0,302716.803
600678.SH,20251126,10.2,10.52,10.14,10.24,408754.02,420939.758
600678.SH,20251125,10.09,10.39,9.91,10.25,363057.7,369526.554
600678.SH,20251124,9.76,10.07,9.72,9.96,361705.01,357686.058
600678.SH,20251121,10.11,10.24,9.55,9.58,427703.83,419838.506
600678.SH,20251120,10.03,10.42,9.99,10.29,470916.61,483453.774
600678.SH,20251119,10.48,10.52,9.9,9.99,448678.59,453354.364
600678.SH,20251118,10.4,10.75,10.2,10.48,541066.0,565144.83
600678.SH,20251117,10.2,10.59,10.17,10.4,513989.4,532994.0
600678.SH,20251114,10.68,10.85,10.28,10.29,715072.52,747997.005
600678.SH,20251113,10.8,11.25,10.68,10.92,837284.84,920250.321
600678.SH,20251112,11.73,12.05,10.94,11.36,1213435.78,1379271.085
600678.SH,20251111,12.0,12.93,11.88,12.16,1702447.86,2100478.863
600678.SH,20251110,12.0,12.0,12.0,12.0,311965.71,374358.852
600678.SH,20251107,9.81,10.91,9.78,10.91,761914.84,799020.324
600678.SH,20251106,9.65,10.21,9.63,9.92,313240.36,310612.548
600678.SH,20251105,9.58,9.74,9.54,9.67,129289.0,125100.641
600678.SH,20251104,9.7,9.74,9.57,9.64,128460.99,123770.201
600678.SH,20251103,9.55,9.82,9.47,9.78,287011.04,277773.052
600678.SH,20251031,9.3,9.51,9.26,9.46,208483.0,197159.823
600678.SH,20251030,9.45,9.46,9.19,9.19,137498.23,127789.829
600678.SH,20251029,9.37,9.48,9.21,9.45,136991.47,128106.542
600678.SH,20251028,9.28,9.45,9.27,9.41,111622.6,104851.148
600678.SH,20251027,9.3,9.39,9.25,9.32,93357.0,87115.782
600678.SH,20251024,9.35,9.4,9.23,9.3,83574.0,77740.964
600678.SH,20251023,9.34,9.4,9.17,9.35,71283.29,65957.458
600678.SH,20251022,9.31,9.44,9.31,9.38,75510.28,70794.641
600678.SH,20251021,9.18,9.39,9.13,9.35,93922.71,87299.431
600678.SH,20251020,9.15,9.23,9.11,9.18,65083.53,59590.007
600678.SH,20251017,9.28,9.33,9.08,9.08,89053.01,81935.176
600678.SH,20251016,9.62,9.63,9.27,9.28,123512.17,115820.471
600678.SH,20251015,9.46,9.56,9.38,9.56,119508.92,113566.34
600678.SH,20251014,9.4,9.63,9.35,9.46,146718.16,138996.933
600678.SH,20251013,9.26,9.44,9.16,9.38,109844.44,102425.919
600678.SH,20251010,9.4,9.64,9.35,9.57,154989.0,147952.448
600678.SH,20251009,9.26,9.55,9.22,9.46,134484.36,126210.968
600678.SH,20250930,9.21,9.29,9.17,9.22,97600.59,89989.883
600678.SH,20250929,9.24,9.25,9.04,9.18,92556.33,84695.678
600678.SH,20250926,9.4,9.43,9.22,9.23,105769.59,98311.009
600678.SH,20250925,9.48,9.66,9.41,9.44,156000.26,148644.193
600678.SH,20250924,9.18,9.43,9.17,9.43,123011.36,114777.599
600678.SH,20250923,9.22,9.33,9.1,9.3,141165.62,130299.968
600678.SH,20250922,9.41,9.42,9.16,9.22,177353.28,163652.762
600678.SH,20250919,9.73,9.81,9.43,9.43,212916.79,203511.777
600678.SH,20250918,10.0,10.08,9.72,9.79,214334.28,212757.667
600678.SH,20250917,10.11,10.12,9.97,9.98,165312.59,165440.188
600678.SH,20250916,9.9,10.16,9.72,10.14,253529.61,253935.837
600678.SH,20250915,9.85,10.44,9.81,10.24,404042.05,411246.162
600678.SH,20250912,10.08,10.08,9.85,9.91,150846.17,149674.572
600678.SH,20250911,9.82,9.97,9.7,9.95,167387.28,164905.216
600678.SH,20250910,9.9,9.98,9.83,9.89,159081.75,157459.883
600678.SH,20250909,9.97,10.4,9.75,10.05,253116.85,252243.953
600678.SH,20250908,9.96,10.04,9.87,10.02,156791.23,156378.795
600678.SH,20250905,9.8,9.98,9.63,9.93,190315.04,186984.65
600678.SH,20250904,9.9,10.08,9.64,9.82,247541.58,243345.496
600678.SH,20250903,10.61,10.65,9.86,9.9,372221.04,378702.281
600678.SH,20250902,10.23,11.0,10.22,10.61,583233.3,618928.289
600678.SH,20250901,10.3,10.36,10.16,10.18,153165.0,156392.591
600678.SH,20250829,10.2,10.3,10.03,10.27,212407.0,215787.136
600678.SH,20250828,10.01,10.25,9.72,10.24,300109.63,300144.867
600678.SH,20250827,10.61,10.61,10.15,10.15,374527.06,388728.588
600678.SH,20250826,10.8,10.81,10.62,10.67,358670.01,383309.166
600678.SH,20250825,10.5,10.9,10.39,10.9,585192.46,623901.419
600678.SH,20250822,10.36,10.46,10.31,10.46,246506.58,256536.451
600678.SH,20250821,10.48,10.6,10.36,10.41,318795.21,334049.919
600678.SH,20250820,10.55,10.62,10.31,10.51,399102.66,416874.225
600678.SH,20250819,10.69,10.84,10.55,10.61,545435.7,581739.784
600678.SH,20250818,10.61,11.05,10.41,10.82,853313.41,919986.456
600678.SH,20250815,10.21,11.31,10.17,10.79,1220888.97,1300683.932
600678.SH,20250814,9.87,10.56,9.82,10.56,974448.75,1015322.418
600678.SH,20250813,9.67,9.71,9.53,9.6,221766.86,212910.367
600678.SH,20250812,9.82,9.84,9.65,9.66,282264.17,273612.513
600678.SH,20250811,9.81,9.97,9.78,9.88,385310.06,379731.887
600678.SH,20250808,9.51,10.29,9.42,9.96,664400.84,652945.318
600678.SH,20250807,9.83,9.84,9.54,9.56,298849.14,288389.588
600678.SH,20250806,9.49,9.69,9.39,9.67,332243.66,317742.359
600678.SH,20250805,9.44,9.53,9.41,9.5,205463.64,194541.825
600678.SH,20250804,9.27,9.44,9.23,9.44,169511.78,159135.852
600678.SH,20250801,9.41,9.41,9.28,9.35,183456.84,171768.16
600678.SH,20250731,9.5,9.57,9.31,9.35,268995.07,253726.881
600678.SH,20250730,9.78,9.78,9.44,9.53,389947.68,373894.081
600678.SH,20250729,9.83,9.91,9.63,9.8,472894.8,461246.003
600678.SH,20250728,9.74,9.97,9.74,9.82,402245.0,395388.949
600678.SH,20250725,10.43,10.43,9.9,9.91,708927.32,713273.436
600678.SH,20250724,10.5,10.83,10.25,10.39,1014226.77,1064940.653
600678.SH,20250723,12.79,12.8,11.0,11.15,1811555.39,2190008.577
600678.SH,20250722,11.64,11.64,11.64,11.64,55427.33,64517.412
600678.SH,20250721,10.5,10.58,10.2,10.58,340974.88,357659.444
600678.SH,20250718,9.72,9.86,9.55,9.62,366889.7,355609.513
600678.SH,20250717,9.7,10.0,9.6,9.88,483907.09,475558.172
600678.SH,20250716,9.7,9.99,9.5,9.53,557395.24,541693.324
600678.SH,20250715,9.45,10.4,9.21,9.91,843574.35,818641.055
600678.SH,20250714,9.27,9.8,9.18,9.53,866198.35,818446.751
600678.SH,20250711,8.91,9.8,8.69,9.46,936641.01,856671.229
600678.SH,20250710,8.66,9.39,8.66,8.91,617973.39,553142.695
600678.SH,20250709,8.66,8.99,8.56,8.62,510994.43,448813.023
600678.SH,20250708,8.55,8.73,8.47,8.66,275112.0,236012.65
600678.SH,20250707,8.4,8.55,8.35,8.55,235740.0,200488.69
600678.SH,20250704,8.72,8.8,8.47,8.5,405233.0,347584.724
600678.SH,20250703,8.51,9.0,8.51,8.81,633163.22,553723.817
600678.SH,20250702,8.41,8.72,8.32,8.58,475326.0,405937.343
600678.SH,20250701,8.46,8.56,8.37,8.43,232747.38,196263.057
600678.SH,20250630,8.46,8.54,8.37,8.48,248649.43,210442.933
600678.SH,20250627,8.44,8.5,8.38,8.43,257042.01,216886.948
600678.SH,20250626,8.48,8.59,8.4,8.44,485958.69,412431.416
600678.SH,20250625,8.26,9.05,8.21,8.61,812392.02,695030.213
600678.SH,20250624,8.01,8.29,8.0,8.23,374602.0,306553.608
600678.SH,20250623,7.82,8.01,7.72,8.01,171533.0,136007.659
600678.SH,20250620,7.84,7.91,7.72,7.89,151944.0,118952.112
600678.SH,20250619,7.99,8.04,7.84,7.86,181312.57,143634.123
600678.SH,20250618,8.0,8.1,7.88,8.03,231049.0,185374.156
600678.SH,20250617,8.06,8.12,7.93,8.01,158012.0,126347.635
600678.SH,20250616,7.85,8.17,7.85,8.03,263763.0,212337.58
600678.SH,20250613,8.19,8.19,7.82,7.83,361658.01,287141.2
600678.SH,20250612,8.17,8.29,8.02,8.24,315114.0,258466.027
600678.SH,20250611,8.16,8.24,8.1,8.18,246751.0,202066.618
600678.SH,20250610,8.28,8.3,7.98,8.11,385869.0,314037.801
600678.SH,20250609,8.27,8.34,8.21,8.33,297815.79,246895.121
600678.SH,20250606,8.3,8.39,8.19,8.27,345997.57,286609.557
600678.SH,20250605,8.53,8.61,8.23,8.33,477621.85,398046.924
600678.SH,20250604,8.63,8.65,8.28,8.49,534277.77,450315.501
600678.SH,20250603,8.69,8.79,8.51,8.59,623452.4,536494.931
600678.SH,20250530,9.35,9.35,8.58,8.72,1018127.61,903289.537
600678.SH,20250529,8.84,9.35,8.7,9.35,1188375.12,1082962.733
600678.SH,20250528,7.75,8.5,7.75,8.5,541982.54,456030.785
600678.SH,20250527,7.75,7.76,7.6,7.73,134658.04,103572.511
600678.SH,20250526,7.56,7.75,7.55,7.74,148802.55,114394.625
600678.SH,20250523,7.68,7.78,7.56,7.56,178852.02,137012.193
600678.SH,20250522,7.9,7.9,7.69,7.7,202052.01,156878.221
600678.SH,20250521,8.04,8.06,7.86,7.89,256064.0,203155.455
600678.SH,20250520,7.92,8.28,7.82,8.14,474712.18,383379.92
600678.SH,20250519,7.77,7.98,7.73,7.93,229227.69,180775.119
600678.SH,20250516,7.69,7.83,7.68,7.81,162384.34,126493.027
600678.SH,20250515,7.85,7.94,7.71,7.75,218823.01,170406.921
600678.SH,20250514,7.9,7.96,7.75,7.88,268429.0,211373.077
600678.SH,20250513,8.15,8.28,7.92,7.96,411279.19,330503.568
600678.SH,20250512,8.19,8.6,8.08,8.18,673001.6,560346.525
600678.SH,20250509,7.95,8.5,7.67,8.27,760383.81,616004.099
600678.SH,20250508,7.98,7.98,7.79,7.88,391555.19,308989.12
600678.SH,20250507,8.23,8.24,7.93,8.08,573405.69,461302.458
600678.SH,20250506,7.87,8.4,7.69,8.23,661025.68,532048.385
600678.SH,20250430,7.57,7.94,7.48,7.82,569820.44,442444.131
600678.SH,20250429,8.09,8.09,7.54,7.62,779491.58,604549.987
600678.SH,20250428,7.07,7.59,7.05,7.59,410668.86,307492.625
600678.SH,20250425,7.0,7.14,6.88,6.9,288452.0,201033.645
600678.SH,20250424,6.91,7.45,6.77,7.18,380883.0,269527.713
600678.SH,20250423,6.85,6.99,6.85,6.91,143651.01,99271.373
600678.SH,20250422,6.87,6.92,6.8,6.85,85204.01,58371.637
600678.SH,20250421,6.8,6.88,6.68,6.87,103388.0,70499.669
600678.SH,20250418,6.74,6.85,6.67,6.78,106404.0,71789.636
600678.SH,20250417,6.71,6.86,6.61,6.76,111589.0,75794.492
600678.SH,20250416,6.8,6.85,6.56,6.67,109392.75,73214.701
600678.SH,20250415,6.81,6.99,6.75,6.84,121536.0,82946.522
600678.SH,20250414,6.68,6.92,6.68,6.85,166873.01,114188.738
600678.SH,20250411,6.53,6.73,6.52,6.64,125953.0,83929.936
600678.SH,20250410,6.56,6.73,6.56,6.63,190680.31,127140.15
600678.SH,20250409,6.1,6.58,5.63,6.51,286738.01,176987.372
600678.SH,20250408,6.11,6.35,5.98,6.21,218755.51,134083.463
600678.SH,20250407,6.83,6.83,6.41,6.41,110604.0,71528.546
600678.SH,20250403,6.96,7.15,6.95,7.12,80297.51,56990.655
600678.SH,20250402,7.1,7.18,7.07,7.09,71722.86,51005.654
600678.SH,20250401,7.09,7.2,7.09,7.11,102820.0,73533.227
600678.SH,20250331,7.14,7.14,6.92,7.03,127820.67,89496.089
600678.SH,20250328,7.29,7.31,7.14,7.14,110070.0,79220.622
600678.SH,20250327,7.38,7.38,7.21,7.3,95503.01,69739.798
600678.SH,20250326,7.27,7.41,7.24,7.38,116101.02,85595.002
600678.SH,20250325,7.3,7.33,7.19,7.29,124302.0,90254.279
600678.SH,20250324,7.56,7.63,7.14,7.31,209274.0,153004.539
600678.SH,20250321,7.75,7.75,7.53,7.56,218748.32,166488.202
600678.SH,20250320,7.88,7.94,7.77,7.77,255609.0,200493.88
600678.SH,20250319,7.88,8.18,7.78,7.98,415418.47,332043.954
600678.SH,20250318,7.92,7.93,7.8,7.89,163409.36,128263.21
600678.SH,20250317,7.88,7.96,7.84,7.9,190989.78,150836.816
600678.SH,20250314,7.83,7.9,7.72,7.88,209455.5,164045.042
600678.SH,20250313,7.92,7.93,7.69,7.82,260271.89,202554.464
600678.SH,20250312,8.1,8.1,7.92,7.92,272429.59,217273.752
600678.SH,20250311,7.96,8.06,7.88,8.01,228405.02,181991.721
600678.SH,20250310,8.12,8.24,7.98,8.08,236101.17,190699.653
600678.SH,20250307,8.3,8.3,8.05,8.12,479398.77,392406.953
600678.SH,20250306,8.3,8.66,8.02,8.49,777728.06,644550.425
600678.SH,20250305,7.88,8.3,7.79,8.25,662052.21,538149.832
600678.SH,20250304,7.67,7.96,7.6,7.93,446441.82,349965.745
600678.SH,20250303,7.57,7.78,7.51,7.67,359807.41,275750.756
600678.SH,20250228,8.04,8.04,7.54,7.58,521237.54,405021.448
600678.SH,20250227,8.35,8.44,7.93,8.13,703267.89,575445.479
600678.SH,20250226,8.04,8.86,7.9,8.62,1041688.25,868686.017
600678.SH,20250225,8.25,8.49,8.05,8.19,986186.53,816142.614
600678.SH,20250224,8.6,10.0,8.6,8.91,1336625.85,1224860.717
600678.SH,20250221,9.68,10.55,9.17,9.4,1804940.79,1807333.45
600678.SH,20250220,9.59,9.59,8.88,9.59,1268084.42,1178797.405
600678.SH,20250219,8.72,8.72,8.72,8.72,215992.33,188345.312
600678.SH,20250218,7.9,7.93,7.71,7.93,391447.78,308466.167
600678.SH,20250217,6.9,7.21,6.89,7.21,237541.02,170397.445
600678.SH,20250214,6.65,6.67,6.53,6.55,113574.41,74894.493
600678.SH,20250213,6.7,6.75,6.63,6.65,130094.78,86881.504
600678.SH,20250212,6.65,6.73,6.63,6.71,136256.54,91092.091
600678.SH,20250211,6.8,6.84,6.63,6.69,140537.53,93704.8
600678.SH,20250210,6.66,6.8,6.62,6.8,190123.65,127856.974
600678.SH,20250207,6.57,6.86,6.52,6.68,273792.11,183689.174
600678.SH,20250206,6.37,6.54,6.24,6.54,179889.0,115440.773
600678.SH,20250205,6.2,6.4,6.2,6.36,164077.78,103843.461
600678.SH,20250127,6.19,6.35,6.14,6.18,120232.77,75148.263
600678.SH,20250124,6.2,6.21,6.1,6.15,126852.29,78108.13
600678.SH,20250123,6.28,6.42,6.18,6.19,118264.43,74593.632
600678.SH,20250122,6.25,6.31,6.16,6.2,81897.0,50951.971
600678.SH,20250121,6.51,6.52,6.25,6.27,116455.1,73577.726
600678.SH,20250120,6.52,6.53,6.34,6.44,116958.77,75398.607
600678.SH,20250117,6.48,6.7,6.4,6.44,157463.09,102297.437
600678.SH,20250116,6.49,6.63,6.45,6.54,130783.0,85634.71
600678.SH,20250115,6.55,6.6,6.42,6.49,123516.12,80272.933
600678.SH,20250114,6.26,6.55,6.26,6.55,172756.9,111112.192
600678.SH,20250113,6.07,6.28,5.91,6.23,112726.0,69074.553
600678.SH,20250110,6.42,6.48,6.13,6.14,133601.0,83997.677
600678.SH,20250109,6.34,6.55,6.33,6.45,127094.89,82077.321
600678.SH,20250108,6.27,6.41,6.15,6.37,148311.0,93495.606
600678.SH,20250107,6.1,6.33,6.03,6.33,179127.68,111324.449
600678.SH,20250106,5.96,6.11,5.79,6.02,141840.55,84697.078
600678.SH,20250103,6.4,6.46,6.03,6.04,184080.22,113366.255
600678.SH,20250102,6.52,6.63,6.31,6.4,151761.97,98511.555
600678.SH,20241231,6.66,6.8,6.5,6.54,141552.37,94003.339
600678.SH,20241230,6.7,6.7,6.5,6.59,121302.38,79819.852
600678.SH,20241227,6.61,6.82,6.54,6.75,163535.03,110380.543
600678.SH,20241226,6.55,6.72,6.48,6.61,132507.08,87911.621
600678.SH,20241225,7.1,7.13,6.6,6.61,249928.01,168492.737
600678.SH,20241224,7.32,7.34,7.04,7.09,301262.89,214600.415
600678.SH,20241223,7.25,7.82,7.0,7.44,415750.01,305733.79
600678.SH,20241220,7.35,7.38,7.25,7.29,168423.01,122852.62
600678.SH,20241219,7.17,7.33,7.06,7.3,218317.25,158297.531
600678.SH,20241218,7.27,7.33,7.1,7.23,146486.25,106133.943
600678.SH,20241217,7.71,7.71,7.2,7.24,245410.0,180640.631
600678.SH,20241216,7.77,7.86,7.6,7.68,230535.55,177346.039
600678.SH,20241213,7.89,8.1,7.8,7.8,308180.6,244775.207
600678.SH,20241212,8.06,8.07,7.8,7.89,327334.37,259244.857
600678.SH,20241211,7.99,8.11,7.87,8.0,395299.66,315913.555
600678.SH,20241210,8.46,8.46,8.0,8.07,637824.35,525455.595
600678.SH,20241209,8.0,8.67,7.79,8.27,744226.47,605545.385
600678.SH,20241206,7.96,8.75,7.91,8.24,908251.53,770217.104
600678.SH,20241205,7.9,8.1,7.65,7.95,591433.36,468633.82
600678.SH,20241204,7.79,8.13,7.51,7.85,556773.01,433634.08
600678.SH,20241203,7.6,7.77,7.5,7.69,349473.0,266807.474
600678.SH,20241202,7.36,7.6,7.31,7.59,335385.01,252827.588
600678.SH,20241129,7.25,7.34,7.13,7.28,179429.0,130052.143
600678.SH,20241128,7.2,7.38,7.17,7.27,185926.7,135486.506
600678.SH,20241127,7.09,7.19,6.89,7.18,154054.66,108489.737
600678.SH,20241126,7.26,7.26,7.1,7.15,139334.0,99836.256
600678.SH,20241125,7.01,7.26,7.0,7.26,205491.0,146832.877
600678.SH,20241122,7.28,7.4,7.0,7.01,270916.13,195360.489
600678.SH,20241121,7.19,7.65,7.17,7.45,342417.52,254836.249
600678.SH,20241120,7.08,7.35,7.04,7.24,213765.31,154439.345
600678.SH,20241119,6.88,7.09,6.85,7.08,187007.48,130012.968
600678.SH,20241118,7.3,7.39,6.81,6.93,280561.3,196542.557
600678.SH,20241115,7.4,7.6,7.26,7.27,226185.0,167785.72
600678.SH,20241114,7.79,7.85,7.5,7.5,209443.85,159937.49
600678.SH,20241113,7.64,7.79,7.5,7.78,254502.85,194663.087
600678.SH,20241112,7.94,8.03,7.65,7.72,338914.31,264055.202
600678.SH,20241111,7.8,7.92,7.7,7.92,358827.25,280877.453
600678.SH,20241108,8.28,8.3,7.83,7.9,695207.86,554695.5
600678.SH,20241107,7.55,8.27,7.44,8.27,863120.1,689245.168
600678.SH,20241106,7.74,7.75,7.48,7.52,383310.91,289680.461
600678.SH,20241105,7.4,7.98,7.29,7.75,474289.87,360352.273
600678.SH,20241104,7.18,7.5,7.18,7.43,389041.35,286202.881
600678.SH,20241101,8.43,8.43,7.74,7.74,664070.65,524365.683
600678.SH,20241031,8.0,8.8,7.83,8.6,993883.82,833093.478
600678.SH,20241030,8.0,8.22,7.74,8.0,601014.12,475069.777
600678.SH,20241029,8.59,8.64,8.19,8.2,795202.41,663076.132
600678.SH,20241028,8.15,8.67,7.82,8.65,1022014.76,855249.309
600678.SH,20241025,7.58,8.18,7.55,8.09,843470.25,664232.377
600678.SH,20241024,7.9,7.96,7.55,7.59,722869.11,552412.605
600678.SH,20241023,8.39,8.39,8.04,8.08,874180.05,713704.992
600678.SH,20241022,8.4,9.2,8.22,8.7,1040646.59,906910.834
600678.SH,20241021,9.1,9.52,8.55,8.82,1420021.3,1280930.869
600678.SH,20241018,8.2,9.5,8.13,9.5,1724047.63,1557509.714
600678.SH,20241017,8.64,8.64,8.11,8.64,1257530.33,1081686.828
600678.SH,20241016,7.5,7.85,7.5,7.85,264538.49,205245.609
600678.SH,20241015,6.81,7.14,6.68,7.14,1214643.49,854922.987
600678.SH,20241014,6.2,6.49,6.1,6.49,732680.25,463952.358
600678.SH,20241011,5.55,6.18,5.47,5.9,521022.81,304181.085
600678.SH,20241010,5.49,5.93,5.41,5.62,297937.15,168298.087
600678.SH,20241009,6.05,6.05,5.54,5.54,377993.34,214901.407
600678.SH,20241008,6.54,6.54,5.76,6.16,593483.83,365808.023
600678.SH,20240930,5.69,6.02,5.47,5.95,566242.46,326829.721
600678.SH,20240927,5.43,5.54,5.29,5.5,305825.26,165649.855
600678.SH,20240926,5.11,5.35,5.11,5.34,358419.42,189149.23
600678.SH,20240925,5.18,5.28,5.13,5.15,256456.33,133361.457
600678.SH,20240924,5.02,5.15,5.02,5.15,198540.32,101170.519
600678.SH,20240923,4.98,5.06,4.94,5.02,77978.54,39024.971
600678.SH,20240920,4.99,5.05,4.96,4.99,66785.0,33340.557
600678.SH,20240919,4.98,5.05,4.93,5.02,101749.0,50941.772
600678.SH,20240918,4.9,4.97,4.85,4.94,69444.0,34033.873
600678.SH,20240913,4.98,5.01,4.93,4.93,57027.0,28305.41
600678.SH,20240912,4.99,5.06,4.98,4.98,53530.54,26811.511
600678.SH,20240911,5.05,5.05,4.97,4.99,48301.0,24120.26
600678.SH,20240910,5.05,5.1,4.98,5.04,82124.0,41329.544
600678.SH,20240909,4.9,5.14,4.86,5.07,135506.0,68260.69
600678.SH,20240906,5.05,5.07,4.93,4.94,118687.0,59291.934
600678.SH,20240905,5.08,5.1,5.06,5.07,76118.0,38628.387
600678.SH,20240904,5.08,5.12,5.05,5.06,71304.0,36197.937
600678.SH,20240903,5.06,5.13,5.05,5.09,83901.37,42623.12
600678.SH,20240902,5.1,5.16,5.06,5.06,108632.0,55453.419
600678.SH,20240830,5.05,5.21,5.05,5.14,200529.53,103135.609
600678.SH,20240829,5.24,5.24,5.03,5.12,163623.82,83690.822
600678.SH,20240828,5.02,5.24,4.96,5.14,191142.6,98325.743
600678.SH,20240827,5.05,5.15,4.99,5.03,119819.0,60431.673
600678.SH,20240826,5.15,5.2,5.07,5.11,153143.82,78686.439
600678.SH,20240823,4.96,5.25,4.84,5.15,224746.1,112922.453
600678.SH,20240822,5.05,5.1,4.98,4.98,143212.0,72191.13
600678.SH,20240821,5.15,5.18,5.06,5.07,161547.77,82426.021
600678.SH,20240820,5.33,5.33,5.13,5.2,188828.0,98591.392
600678.SH,20240819,5.28,5.32,5.2,5.28,192231.0,100968.375
600678.SH,20240816,5.42,5.51,5.25,5.29,339373.0,181883.343
600678.SH,20240815,5.55,5.67,5.47,5.48,604449.61,334720.158
600678.SH,20240814,5.44,5.95,5.44,5.77,687534.36,403593.772
600678.SH,20240813,5.19,5.47,5.13,5.41,308963.08,165070.953
600678.SH,20240812,5.17,5.47,5.01,5.28,293112.23,152863.137
600678.SH,20240809,5.16,5.45,5.13,5.21,216321.77,113785.431
600678.SH,20240808,5.18,5.28,5.0,5.15,145562.0,74519.578
600678.SH,20240807,5.15,5.22,5.11,5.18,112904.25,58381.22
600678.SH,20240806,5.18,5.23,5.06,5.17,144717.56,74224.111
600678.SH,20240805,5.32,5.39,5.13,5.13,202869.56,106303.239
600678.SH,20240802,5.4,5.63,5.32,5.33,266778.09,145386.553
600678.SH,20240801,5.3,5.79,5.27,5.5,411107.24,226875.816
600678.SH,20240731,5.15,5.33,5.15,5.3,200310.37,105364.786
600678.SH,20240730,5.12,5.21,5.1,5.18,106843.09,55063.567
600678.SH,20240729,5.27,5.3,5.16,5.17,131517.56,68188.482
600678.SH,20240726,5.24,5.34,5.18,5.27,187903.11,98634.189
600678.SH,20240725,5.16,5.35,5.11,5.29,228630.0,119573.836
600678.SH,20240724,5.02,5.5,5.01,5.23,346753.79,182179.204
600678.SH,20240723,5.03,5.2,4.96,5.08,178808.01,91169.456
600678.SH,20240722,5.05,5.07,4.97,5.01,91451.55,45796.934
600678.SH,20240719,4.93,5.21,4.88,5.05,154387.0,77370.268
600678.SH,20240718,4.91,5.06,4.89,4.98,113110.0,56224.364
600678.SH,20240717,4.98,5.27,4.96,5.04,173525.56,88588.992
600678.SH,20240716,4.93,4.99,4.9,4.96,79170.0,39146.631
600678.SH,20240715,5.02,5.07,4.95,4.96,139945.1,69911.576
600678.SH,20240712,4.93,5.4,4.89,5.12,282381.08,146157.996
600678.SH,20240711,4.85,4.99,4.83,4.93,111000.6,54593.513
600678.SH,20240710,4.88,4.9,4.78,4.78,108165.0,52213.74
600678.SH,20240709,4.95,5.0,4.75,4.98,110875.95,54121.012
600678.SH,20240708,4.99,5.08,4.86,4.89,91978.0,45303.964
600678.SH,20240705,4.92,5.04,4.83,4.98,90108.1,44622.212
600678.SH,20240704,5.13,5.16,4.9,4.91,120021.0,59836.37
600678.SH,20240703,5.26,5.27,5.1,5.11,112254.0,58062.732
600678.SH,20240702,5.26,5.3,5.22,5.25,111048.0,58429.799
600678.SH,20240701,5.21,5.27,5.15,5.27,152546.22,79713.023
600678.SH,20240628,5.25,5.33,5.19,5.21,188836.0,98994.498
600678.SH,20240627,5.5,5.6,5.2,5.21,337484.79,180872.218
600678.SH,20240626,4.86,5.37,4.74,5.37,175815.79,88881.265
600678.SH,20240625,4.9,4.97,4.82,4.88,82119.56,40160.851
600678.SH,20240624,5.08,5.08,4.86,4.87,137874.0,68115.662
600678.SH,20240621,5.08,5.19,4.99,5.13,96288.0,49227.728
600678.SH,20240620,5.16,5.28,5.08,5.09,142266.0,73809.607
600678.SH,20240619,5.22,5.28,5.16,5.2,130812.0,68277.345
600678.SH,20240618,5.11,5.2,5.09,5.17,105023.01,54171.709
600678.SH,20240617,5.05,5.26,5.0,5.11,128528.0,65313.327
600678.SH,20240614,5.15,5.15,5.02,5.1,68677.0,34994.463
600678.SH,20240613,5.19,5.26,5.09,5.1,108245.0,55552.825
600678.SH,20240612,5.11,5.18,5.07,5.17,113803.34,58558.288
600678.SH,20240611,5.25,5.26,4.98,5.09,138161.66,69875.561
600678.SH,20240607,4.88,5.35,4.88,5.24,263734.3,134909.477
600678.SH,20240606,5.1,5.21,4.8,4.86,189777.56,93743.842
600678.SH,20240605,5.35,5.35,5.13,5.14,104412.0,54344.787
600678.SH,20240604,5.42,5.42,5.21,5.29,120251.0,63236.786
600678.SH,20240603,5.6,5.6,5.31,5.39,140583.27,75848.092
600678.SH,20240531,5.62,5.63,5.52,5.55,104443.0,58099.155
600678.SH,20240530,5.6,5.76,5.51,5.63,138235.0,78213.262
600678.SH,20240529,5.65,5.73,5.58,5.64,117228.0,66093.076
600678.SH,20240528,5.75,5.75,5.57,5.6,116807.63,65648.349
600678.SH,20240527,5.68,5.74,5.5,5.72,162501.0,91109.352
600678.SH,20240524,5.89,5.94,5.66,5.68,211195.0,121022.124
600678.SH,20240523,6.18,6.2,5.83,5.89,298031.01,178228.537
600678.SH,20240522,6.12,6.32,6.1,6.25,293288.39,182514.512
600678.SH,20240521,6.14,6.24,6.04,6.11,165314.0,101066.365
600678.SH,20240520,6.27,6.27,6.14,6.18,224952.79,139105.385
600678.SH,20240517,6.29,6.3,6.11,6.26,324453.0,200658.852
600678.SH,20240516,6.02,6.45,6.02,6.33,487161.54,304888.689
600678.SH,20240515,6.05,6.15,5.95,6.01,225935.0,136406.935
600678.SH,20240514,6.13,6.25,6.02,6.11,312589.99,190979.588
600678.SH,20240513,6.04,6.48,5.91,6.28,473677.14,296938.768
600678.SH,20240510,6.46,6.49,6.12,6.17,507803.14,317262.65
600678.SH,20240509,6.52,6.84,6.29,6.56,777873.07,505421.34
600678.SH,20240508,6.48,6.96,6.35,6.88,1019383.13,686967.458
600678.SH,20240507,5.76,6.33,5.75,6.33,554126.09,334861.083
600678.SH,20240506,5.65,5.82,5.65,5.75,198207.78,113683.192
600678.SH,20240430,5.75,5.8,5.52,5.63,226248.0,127748.521
600678.SH,20240429,5.58,5.8,5.56,5.8,254130.08,145662.758
600678.SH,20240426,5.46,5.66,5.42,5.6,244444.97,135816.902
600678.SH,20240425,5.6,5.85,5.53,5.57,281712.0,159071.009
600678.SH,20240424,5.5,5.66,5.4,5.58,299283.0,165804.81
600678.SH,20240423,5.32,5.34,5.2,5.24,142391.0,74894.038
600678.SH,20240422,5.61,5.64,5.2,5.27,216475.0,115554.586
600678.SH,20240419,5.48,5.75,5.4,5.56,270171.0,150704.581
600678.SH,20240418,5.54,5.81,5.48,5.52,441364.52,248211.333
600678.SH,20240417,4.85,5.54,4.85,5.54,228018.5,121514.089
600678.SH,20240416,5.48,5.5,5.04,5.04,298601.0,152722.602
600678.SH,20240415,6.09,6.1,5.51,5.6,320692.0,182357.376
600678.SH,20240412,6.16,6.23,6.06,6.08,139909.12,85745.055
600678.SH,20240411,6.09,6.26,6.02,6.16,183401.5,113240.12
600678.SH,20240410,6.24,6.25,5.96,6.12,267849.36,163088.938
600678.SH,20240409,6.31,6.43,6.19,6.27,218401.83,136855.474
600678.SH,20240408,6.79,6.82,6.33,6.36,347185.76,224006.405
600678.SH,20240403,7.0,7.06,6.7,6.78,287057.02,195382.683
600678.SH,20240402,7.2,7.27,7.02,7.06,320671.65,228426.643
600678.SH,20240401,6.87,7.27,6.82,7.21,457320.36,327319.103
600678.SH,20240329,6.98,7.13,6.73,6.88,339774.21,234904.232
600678.SH,20240328,6.7,7.17,6.66,6.97,420157.19,294354.018
600678.SH,20240327,7.74,7.74,6.96,6.96,542127.77,392720.128
600678.SH,20240326,7.39,7.75,6.91,7.73,609387.97,458949.671
600678.SH,20240325,7.48,7.9,7.46,7.49,818961.83,624632.777
600678.SH,20240322,8.0,8.66,7.77,8.29,1390627.48,1147662.215
600678.SH,20240321,7.17,7.88,7.02,7.88,1029960.59,778727.947
600678.SH,20240320,7.09,7.21,7.01,7.16,366177.25,260866.068
600678.SH,20240319,7.12,7.37,7.05,7.11,461901.1,331589.78
600678.SH,20240318,6.82,7.17,6.8,7.16,582357.25,409868.041
600678.SH,20240315,6.83,6.84,6.62,6.76,386534.33,259790.601
600678.SH,20240314,7.25,7.3,6.71,6.85,591705.03,415363.553
600678.SH,20240313,7.15,7.49,7.05,7.36,642346.39,466372.066
600678.SH,20240312,7.34,7.46,7.16,7.32,636658.6,463728.898
600678.SH,20240311,7.45,7.58,7.09,7.34,782391.27,568587.294
600678.SH,20240308,8.05,8.29,7.49,7.61,1163698.54,909207.011
600678.SH,20240307,7.15,8.02,7.12,8.02,1448849.13,1123370.812
600678.SH,20240306,7.18,7.64,7.04,7.29,1061327.01,776624.85
600678.SH,20240305,7.62,8.74,7.62,7.7,1551198.58,1222503.834
600678.SH,20240304,8.47,8.47,7.01,8.47,1773502.39,1413864.022
600678.SH,20240301,7.7,7.7,7.7,7.7,33479.0,25778.83
600678.SH,20240229,6.86,7.0,6.68,7.0,384114.1,263911.747
600678.SH,20240228,6.23,6.36,5.95,6.36,931179.73,581986.576
600678.SH,20240227,5.34,5.78,5.22,5.78,265120.47,146543.051
600678.SH,20240226,5.15,5.43,5.11,5.25,399663.0,210721.027
600678.SH,20240223,5.04,5.23,4.98,5.16,431273.77,219506.08
600678.SH,20240222,5.0,5.13,4.79,5.1,565438.79,281180.848
600678.SH,20240221,4.42,4.91,4.37,4.91,270962.64,126588.447
600678.SH,20240220,4.3,4.49,4.15,4.46,305881.74,133505.364
600678.SH,20240219,4.06,4.28,4.05,4.28,430262.76,179814.934
600678.SH,20240208,3.7,4.07,3.51,4.01,487623.71,184610.373
600678.SH,20240207,4.35,4.35,3.86,3.86,463039.0,182933.292
600678.SH,20240206,4.35,4.53,4.28,4.29,405175.54,175348.7
600678.SH,20240205,5.22,5.25,4.75,4.75,170210.0,82140.271
600678.SH,20240202,5.51,5.7,5.07,5.28,283799.17,153965.688
600678.SH,20240201,5.78,5.82,5.42,5.54,185156.54,102970.609
600678.SH,20240131,6.25,6.27,5.7,5.77,211901.7,125527.616
600678.SH,20240130,6.27,6.47,6.15,6.18,188572.0,118618.504
600678.SH,20240129,6.71,6.89,6.46,6.48,259380.0,170904.726
600678.SH,20240126,6.68,6.98,6.63,6.78,420155.32,287990.532
600678.SH,20240125,6.53,6.7,6.48,6.68,220866.1,146162.723
600678.SH,20240124,6.42,6.58,6.31,6.52,216581.01,140156.919
600678.SH,20240123,6.34,6.43,6.24,6.41,222739.0,141762.29
600678.SH,20240122,6.73,6.74,6.28,6.31,271572.4,176830.093
600678.SH,20240119,6.92,6.92,6.7,6.73,268687.4,182290.335
600678.SH,20240118,6.92,7.04,6.73,6.93,386238.49,266023.395
600678.SH,20240117,7.27,7.36,6.98,6.98,389349.95,278330.926
600678.SH,20240116,7.26,7.49,7.11,7.31,499519.4,363271.657
600678.SH,20240115,7.2,7.37,7.1,7.26,478187.07,346523.204
600678.SH,20240112,7.16,7.42,7.08,7.2,550368.7,398026.415
600678.SH,20240111,7.06,7.2,7.03,7.2,242623.0,173226.409
600678.SH,20240110,7.15,7.16,7.02,7.04,186210.0,131758.651
600678.SH,20240109,7.15,7.26,7.07,7.18,209992.7,150201.275
600678.SH,20240108,7.19,7.25,7.12,7.13,232529.0,166886.467
600678.SH,20240105,7.42,7.47,7.12,7.17,356713.5,258718.857
600678.SH,20240104,7.79,7.81,7.31,7.45,463472.0,344573.835
600678.SH,20240103,7.97,8.03,7.71,7.82,380567.14,297639.276
600678.SH,20240102,8.15,8.16,7.94,7.97,331099.52,265683.268
600678.SH,20231229,7.96,8.12,7.93,8.05,387195.85,310891.493
600678.SH,20231228,8.23,8.36,7.93,7.96,583825.39,472457.24
600678.SH,20231227,8.16,8.47,7.68,8.31,721462.14,589146.633
600678.SH,20231226,7.96,8.36,7.92,8.3,784261.24,642382.523
600678.SH,20231225,8.08,8.18,7.7,8.04,699162.67,551412.71
600678.SH,20231222,8.49,8.72,7.95,8.19,871657.78,730146.802
600678.SH,20231221,9.05,9.28,8.33,8.5,961420.14,840349.043
600678.SH,20231220,9.02,9.35,8.8,9.15,1064922.34,964215.603
600678.SH,20231219,8.84,9.09,8.71,8.71,978959.59,864315.055
600678.SH,20231218,10.19,10.2,9.68,9.68,408589.0,401231.836
600678.SH,20231215,10.21,10.96,10.2,10.75,1468467.28,1549557.284
600678.SH,20231214,11.2,11.7,9.91,10.21,1804276.53,1967917.013
600678.SH,20231213,10.7,10.77,10.4,10.77,858938.07,920527.616
600678.SH,20231212,8.93,9.79,8.73,9.79,1260958.55,1200293.174
600678.SH,20231211,8.7,8.9,8.7,8.9,247983.38,219016.498
600678.SH,20231208,8.09,8.09,7.7,8.09,1166697.21,934327.648
600678.SH,20231207,7.35,7.35,7.35,7.35,71367.88,52455.392
600678.SH,20231206,5.88,6.68,5.86,6.68,344780.34,220652.68
600678.SH,20231205,5.78,6.34,5.73,6.07,517192.04,318431.053
600678.SH,20231204,5.74,5.81,5.69,5.76,59795.0,34423.453
600678.SH,20231201,5.64,5.74,5.61,5.72,63094.0,35943.438
600678.SH,20231130,5.69,5.71,5.6,5.64,39536.0,22320.672
600678.SH,20231129,5.81,5.81,5.66,5.69,46568.71,26570.662
600678.SH,20231128,5.65,5.74,5.63,5.73,43454.0,24765.725
600678.SH,20231127,5.67,5.7,5.63,5.65,39937.97,22600.873
600678.SH,20231124,5.7,5.74,5.65,5.69,32819.51,18655.964
600678.SH,20231123,5.65,5.75,5.64,5.72,38341.0,21826.916
600678.SH,20231122,5.67,5.73,5.66,5.67,37256.0,21214.181
600678.SH,20231121,5.65,5.77,5.64,5.68,52655.08,30040.822
600678.SH,20231120,5.6,5.69,5.56,5.65,46903.0,26399.377
600678.SH,20231117,5.59,5.63,5.54,5.6,36322.51,20313.616
600678.SH,20231116,5.53,5.63,5.53,5.59,32895.0,18437.752
600678.SH,20231115,5.6,5.64,5.57,5.6,36617.0,20546.895
600678.SH,20231114,5.63,5.63,5.53,5.56,29700.0,16521.422
600678.SH,20231113,5.52,5.6,5.5,5.59,52425.54,29177.329
600678.SH,20231110,5.49,5.52,5.43,5.48,28671.61,15675.641
600678.SH,20231109,5.52,5.54,5.47,5.49,27367.29,15057.873
600678.SH,20231108,5.54,5.56,5.5,5.53,35106.54,19400.277
600678.SH,20231107,5.5,5.53,5.46,5.51,38792.0,21318.514
600678.SH,20231106,5.44,5.54,5.44,5.49,54702.0,30067.069
600678.SH,20231103,5.46,5.48,5.42,5.43,35715.0,19462.585
600678.SH,20231102,5.42,5.49,5.41,5.44,43584.0,23758.7
600678.SH,20231101,5.45,5.48,5.41,5.47,48429.0,26421.879
600678.SH,20231031,5.45,5.45,5.39,5.43,40370.46,21888.196
600678.SH,20231030,5.42,5.5,5.37,5.43,73834.51,40146.4
600678.SH,20231027,5.43,5.55,5.39,5.49,53382.0,29245.55
600678.SH,20231026,5.5,5.53,5.41,5.43,66948.86,36496.295
600678.SH,20231025,5.43,5.59,5.42,5.51,147460.42,81431.022
600678.SH,20231024,5.12,5.3,5.08,5.3,60175.34,31536.296
600678.SH,20231023,5.22,5.22,5.03,5.08,40828.0,20846.472
600678.SH,20231020,5.21,5.29,5.2,5.24,20359.51,10675.313
600678.SH,20231019,5.23,5.31,5.18,5.23,29768.51,15626.841
600678.SH,20231018,5.32,5.35,5.22,5.23,33635.04,17667.672
600678.SH,20231017,5.39,5.41,5.3,5.31,36752.51,19601.692
600678.SH,20231016,5.34,5.41,5.33,5.39,32182.51,17276.566
600678.SH,20231013,5.39,5.39,5.31,5.32,41909.51,22332.644
600678.SH,20231012,5.36,5.42,5.34,5.41,36532.0,19665.303
600678.SH,20231011,5.39,5.39,5.31,5.36,30313.51,16251.132
600678.SH,20231010,5.4,5.43,5.36,5.38,36991.0,19932.312
600678.SH,20231009,5.52,5.53,5.35,5.38,71197.57,38485.423
600678.SH,20230928,5.44,5.56,5.44,5.52,50913.06,28096.939
600678.SH,20230927,5.43,5.49,5.41,5.43,36655.0,19985.987
600678.SH,20230926,5.47,5.48,5.42,5.42,24155.0,13142.842
600678.SH,20230925,5.55,5.56,5.44,5.47,38771.0,21258.187
600678.SH,20230922,5.48,5.56,5.42,5.55,36638.0,20187.002
600678.SH,20230921,5.48,5.57,5.46,5.5,33348.0,18426.75
600678.SH,20230920,5.49,5.55,5.46,5.51,30507.61,16846.877
600678.SH,20230919,5.53,5.58,5.5,5.51,30798.61,17023.847
600678.SH,20230918,5.44,5.57,5.41,5.54,38323.79,21146.38
600678.SH,20230915,5.5,5.52,5.4,5.46,30317.0,16576.333
600678.SH,20230914,5.51,5.52,5.41,5.44,42209.0,22943.819
600678.SH,20230913,5.52,5.62,5.48,5.51,52050.0,28870.475
600678.SH,20230912,5.51,5.57,5.45,5.53,50603.0,27856.183
600678.SH,20230911,5.53,5.59,5.41,5.52,44516.0,24516.215
600678.SH,20230908,5.56,5.62,5.51,5.53,31064.32,17230.72
600678.SH,20230907,5.64,5.67,5.56,5.56,29852.93,16738.513
600678.SH,20230906,5.64,5.65,5.59,5.63,26657.0,14979.947
600678.SH,20230905,5.7,5.7,5.6,5.63,36110.68,20346.63
600678.SH,20230904,5.54,5.71,5.52,5.7,60104.0,34012.125
600678.SH,20230901,5.53,5.6,5.48,5.53,33036.08,18259.822
600678.SH,20230831,5.6,5.62,5.51,5.53,37950.0,21038.471
600678.SH,20230830,5.62,5.66,5.57,5.6,41682.0,23402.943
600678.SH,20230829,5.47,5.6,5.45,5.58,44387.0,24658.782
600678.SH,20230828,5.58,5.63,5.45,5.49,73674.52,40878.055
600678.SH,20230825,5.34,5.44,5.28,5.31,37992.31,20331.252
600678.SH,20230824,5.41,5.43,5.31,5.33,32463.61,17372.639
600678.SH,20230823,5.53,5.53,5.4,5.41,33504.0,18178.832
600678.SH,20230822,5.58,5.6,5.42,5.53,33158.07,18238.134
600678.SH,20230821,5.56,5.63,5.54,5.54,31806.0,17763.574
600678.SH,20230818,5.59,5.66,5.54,5.55,30287.0,16996.453
600678.SH,20230817,5.58,5.63,5.46,5.62,39332.03,21808.178
600678.SH,20230816,5.57,5.61,5.47,5.55,36855.0,20435.901
600678.SH,20230815,5.62,5.62,5.48,5.55,39464.0,21822.197
600678.SH,20230814,5.5,5.6,5.46,5.59,44503.85,24565.533
600678.SH,20230811,5.68,5.68,5.52,5.53,51011.41,28391.356
600678.SH,20230810,5.64,5.7,5.6,5.66,29313.0,16535.453
600678.SH,20230809,5.72,5.74,5.62,5.65,41784.62,23697.838
600678.SH,20230808,5.74,5.78,5.67,5.7,42202.01,24062.275
600678.SH,20230807,5.77,5.78,5.7,5.73,53040.5,30386.356
600678.SH,20230804,5.84,5.88,5.75,5.75,48969.62,28358.54
600678.SH,20230803,5.82,5.87,5.77,5.81,50631.94,29393.85
600678.SH,20230802,5.85,5.91,5.82,5.84,54423.08,31834.735
600678.SH,20230801,5.85,5.9,5.81,5.86,68887.51,40358.167
600678.SH,20230731,5.81,5.9,5.81,5.87,74544.52,43600.346
600678.SH,20230728,5.79,5.9,5.77,5.83,85715.9,49901.772
600678.SH,20230727,5.77,5.86,5.71,5.8,109212.0,63263.331
600678.SH,20230726,5.65,5.94,5.63,5.84,219955.84,128204.961
600678.SH,20230725,5.57,5.68,5.54,5.66,85394.78,48131.986
600678.SH,20230724,5.51,5.56,5.49,5.52,32377.0,17885.687
600678.SH,20230721,5.45,5.51,5.43,5.49,27542.0,15106.536
600678.SH,20230720,5.55,5.55,5.45,5.47,27754.01,15265.101
600678.SH,20230719,5.53,5.56,5.48,5.52,31298.08,17284.379
600678.SH,20230718,5.48,5.54,5.46,5.52,34828.09,19183.367
600678.SH,20230717,5.46,5.49,5.37,5.47,36624.11,19959.455
600678.SH,20230714,5.5,5.51,5.44,5.47,40968.09,22430.453
600678.SH,20230713,5.46,5.61,5.46,5.48,63246.01,34883.952
600678.SH,20230712,5.55,5.55,5.45,5.46,59137.41,32529.093
600678.SH,20230711,5.51,5.56,5.48,5.54,90673.25,49981.474
600678.SH,20230710,5.61,5.64,5.48,5.55,164034.76,90910.331
600678.SH,20230707,5.41,5.81,5.38,5.66,283111.64,159294.864
600678.SH,20230706,5.39,5.42,5.34,5.4,41255.54,22191.554
600678.SH,20230705,5.4,5.43,5.38,5.39,33977.13,18346.818
600678.SH,20230704,5.36,5.42,5.36,5.4,35774.0,19303.901
600678.SH,20230703,5.34,5.4,5.32,5.38,38564.62,20727.691
600678.SH,20230630,5.28,5.36,5.26,5.34,42886.47,22907.043
600678.SH,20230629,5.26,5.3,5.24,5.27,30155.06,15918.061
600678.SH,20230628,5.17,5.31,5.11,5.26,52476.0,27370.037
600678.SH,20230627,5.08,5.17,5.06,5.16,30297.0,15573.629
600678.SH,20230626,5.2,5.2,5.06,5.07,42997.0,21989.2
600678.SH,20230621,5.33,5.33,5.2,5.2,41127.88,21549.175
600678.SH,20230620,5.32,5.35,5.25,5.26,54327.54,28668.285
600678.SH,20230619,5.4,5.4,5.32,5.33,38543.77,20612.218
600678.SH,20230616,5.4,5.47,5.37,5.41,48524.92,26307.229
600678.SH,20230615,5.37,5.41,5.32,5.39,29235.27,15681.17
600678.SH,20230614,5.3,5.42,5.27,5.38,41733.87,22292.231
600678.SH,20230613,5.29,5.37,5.29,5.32,28731.03,15339.529
600678.SH,20230612,5.37,5.39,5.23,5.34,54769.0,28980.295
600678.SH,20230609,5.41,5.47,5.37,5.38,50243.01,27173.412
600678.SH,20230608,5.29,5.47,5.29,5.44,57220.0,31002.918
600678.SH,20230607,5.28,5.37,5.28,5.32,19208.5,10232.802
600678.SH,20230606,5.38,5.44,5.3,5.3,27005.0,14468.901
600678.SH,20230605,5.43,5.44,5.39,5.42,25159.03,13610.704
600678.SH,20230602,5.3,5.48,5.3,5.44,63240.24,34182.127
600678.SH,20230601,5.31,5.34,5.24,5.3,25748.69,13620.062
600678.SH,20230531,5.33,5.36,5.31,5.31,29003.0,15464.472
600678.SH,20230530,5.32,5.34,5.27,5.33,31888.0,16915.182
600678.SH,20230529,5.38,5.4,5.3,5.32,33103.0,17686.668
600678.SH,20230526,5.37,5.37,5.27,5.36,29389.94,15654.428
600678.SH,20230525,5.33,5.33,5.23,5.33,40596.0,21457.144
600678.SH,20230524,5.38,5.38,5.32,5.33,29159.0,15585.22
600678.SH,20230523,5.39,5.44,5.37,5.38,22672.0,12258.035
600678.SH,20230522,5.42,5.43,5.35,5.41,37424.94,20182.526
600678.SH,20230519,5.42,5.43,5.3,5.36,42126.36,22504.971
600678.SH,20230518,5.53,5.56,5.4,5.43,71194.0,38791.341
600678.SH,20230517,5.42,5.54,5.39,5.53,33596.0,18432.275
600678.SH,20230516,5.51,5.54,5.43,5.46,26209.56,14315.916
600678.SH,20230515,5.53,5.53,5.45,5.52,22198.0,12189.557
600678.SH,20230512,5.51,5.58,5.5,5.52,26115.54,14449.307
600678.SH,20230511,5.48,5.57,5.46,5.53,27723.0,15301.757
600678.SH,20230510,5.44,5.52,5.44,5.48,24623.77,13505.687
600678.SH,20230509,5.52,5.56,5.45,5.47,39695.82,21810.956
600678.SH,20230508,5.46,5.55,5.46,5.5,27755.0,15268.091
600678.SH,20230505,5.57,5.6,5.43,5.48,38311.55,20982.722
600678.SH,20230504,5.52,5.61,5.48,5.57,32918.08,18283.912
600678.SH,20230428,5.39,5.53,5.37,5.52,30474.1,16698.128
600678.SH,20230427,5.41,5.46,5.35,5.37,26996.4,14575.552
600678.SH,20230426,5.33,5.42,5.28,5.4,28969.0,15566.038
600678.SH,20230425,5.4,5.41,5.23,5.32,45491.0,24197.599
600678.SH,20230424,5.4,5.44,5.3,5.41,39819.02,21361.738
600678.SH,20230421,5.55,5.56,5.33,5.38,57896.82,31384.715
600678.SH,20230420,5.62,5.64,5.46,5.54,45961.1,25342.726
600678.SH,20230419,5.69,5.7,5.62,5.62,30413.0,17172.402
600678.SH,20230418,5.73,5.75,5.66,5.68,30133.0,17147.79
600678.SH,20230417,5.7,5.79,5.7,5.75,26062.0,14988.899
600678.SH,20230414,5.82,5.83,5.71,5.76,62769.14,36125.136
600678.SH,20230413,5.65,5.86,5.6,5.8,91858.6,52959.993
600678.SH,20230412,5.68,5.73,5.62,5.65,35266.01,19973.376
600678.SH,20230411,5.67,5.71,5.61,5.68,34470.4,19497.676
600678.SH,20230410,5.71,5.79,5.69,5.7,61853.01,35525.728
600678.SH,20230407,5.67,5.72,5.63,5.71,31275.12,17772.492
600678.SH,20230406,5.69,5.72,5.63,5.67,32191.02,18263.874
600678.SH,20230404,5.75,5.75,5.66,5.68,33894.0,19261.99
600678.SH,20230403,5.73,5.77,5.68,5.74,38281.0,21923.119
600678.SH,20230331,5.69,5.73,5.65,5.7,28432.49,16205.652
600678.SH,20230330,5.77,5.78,5.64,5.69,32106.48,18262.937
600678.SH,20230329,5.88,5.88,5.73,5.75,40538.37,23467.7
600678.SH,20230328,5.92,5.95,5.87,5.88,37136.51,21916.044
600678.SH,20230327,6.06,6.06,5.87,5.94,42135.0,25031.315
600678.SH,20230324,6.01,6.06,6.0,6.04,43530.27,26278.538
600678.SH,20230323,6.02,6.05,6.0,6.02,28149.0,16950.956
600678.SH,20230322,5.99,6.09,5.98,6.04,37975.28,22950.765
600678.SH,20230321,5.96,6.02,5.95,6.0,30171.4,18061.953
600678.SH,20230320,5.93,6.0,5.91,5.96,41641.01,24829.059
600678.SH,20230317,5.91,6.0,5.87,5.9,33080.4,19638.839
600678.SH,20230316,6.02,6.04,5.84,5.85,45208.34,26684.931
600678.SH,20230315,5.86,6.03,5.84,6.02,61344.0,36558.851
600678.SH,20230314,5.91,5.94,5.8,5.83,47782.25,28003.092
600678.SH,20230313,6.0,6.03,5.86,5.93,53917.0,31964.431
600678.SH,20230310,6.08,6.08,5.96,5.98,40669.0,24459.064
600678.SH,20230309,6.12,6.18,6.06,6.1,36329.0,22211.907
600678.SH,20230308,6.08,6.15,6.03,6.1,38346.0,23381.414
600678.SH,20230307,6.15,6.26,6.07,6.07,58982.0,36298.17
600678.SH,20230306,6.22,6.27,6.14,6.17,46007.85,28481.527
600678.SH,20230303,6.21,6.27,6.16,6.24,49767.01,30967.495
600678.SH,20230302,6.19,6.27,6.15,6.2,52254.4,32451.543
600678.SH,20230301,6.11,6.2,6.09,6.19,56451.78,34767.841
600678.SH,20230228,6.06,6.1,6.02,6.1,35327.02,21417.814
600678.SH,20230227,6.12,6.14,6.03,6.04,42736.78,25915.953
600678.SH,20230224,6.18,6.18,6.04,6.13,52146.0,31821.122
600678.SH,20230223,6.23,6.24,6.12,6.15,39347.66,24273.008
600678.SH,20230222,6.19,6.23,6.14,6.2,44659.0,27642.799
600678.SH,20230221,6.18,6.24,6.13,6.22,59152.09,36627.952
600678.SH,20230220,6.11,6.22,6.05,6.17,68155.7,41912.437
600678.SH,20230217,6.07,6.18,6.05,6.06,68406.28,41757.674
600678.SH,20230216,6.25,6.29,6.01,6.06,134114.02,82430.665
600678.SH,20230215,6.24,6.36,6.2,6.25,135624.01,85097.259
600678.SH,20230214,6.15,6.23,6.13,6.18,53943.86,33335.403
600678.SH,20230213,6.12,6.18,6.06,6.18,70174.16,42988.721
600678.SH,20230210,6.1,6.16,6.08,6.11,41335.51,25282.573
600678.SH,20230209,6.1,6.14,6.07,6.14,51215.51,31245.184
600678.SH,20230208,6.08,6.13,6.05,6.11,53634.53,32687.851
600678.SH,20230207,6.04,6.09,6.01,6.09,58089.0,35154.133
600678.SH,20230206,6.05,6.09,5.98,6.04,45390.79,27393.989
600678.SH,20230203,6.05,6.06,5.95,6.05,69745.03,41826.572
600678.SH,20230202,6.07,6.09,6.01,6.05,72433.87,43752.575
600678.SH,20230201,6.03,6.09,5.99,6.08,70045.0,42253.46
600678.SH,20230131,5.91,6.04,5.91,6.0,62968.69,37569.618
600678.SH,20230130,5.93,6.02,5.93,5.95,79817.7,47615.729
600678.SH,20230120,5.9,5.94,5.86,5.92,56644.12,33418.71
600678.SH,20230119,5.79,5.94,5.76,5.9,95239.14,55789.526
600678.SH,20230118,5.75,5.81,5.72,5.77,38466.95,22190.46
600678.SH,20230117,5.8,5.8,5.7,5.75,40528.7,23259.604
600678.SH,20230116,5.79,5.82,5.71,5.79,61077.0,35199.594
600678.SH,20230113,5.72,5.8,5.68,5.79,56867.0,32768.062
600678.SH,20230112,5.74,5.77,5.67,5.72,43393.88,24794.543
600678.SH,20230111,5.8,5.83,5.71,5.75,53965.0,31098.427
600678.SH,20230110,5.85,5.88,5.75,5.79,67920.39,39433.099
600678.SH,20230109,5.84,5.91,5.74,5.88,98773.52,57617.569
600678.SH,20230106,6.03,6.05,5.78,5.82,120901.0,70722.21
600678.SH,20230105,6.15,6.18,5.9,5.92,189583.01,114230.987
600678.SH,20230104,6.01,6.39,6.01,6.09,278509.62,172525.33
600678.SH,20230103,6.04,6.1,5.86,5.96,316811.41,188808.897
600678.SH,20221230,5.38,5.87,5.36,5.87,208469.44,118838.98
600678.SH,20221229,5.35,5.41,5.27,5.34,35556.0,18969.6
600678.SH,20221228,5.45,5.46,5.35,5.38,35683.0,19244.531
600678.SH,20221227,5.41,5.46,5.38,5.42,33115.0,17966.97
600678.SH,20221226,5.39,5.43,5.36,5.39,28352.0,15299.902
600678.SH,20221223,5.42,5.47,5.36,5.39,29275.0,15831.979
600678.SH,20221222,5.6,5.66,5.4,5.42,44561.0,24552.771
600678.SH,20221221,5.56,5.62,5.52,5.55,27131.0,15104.949
600678.SH,20221220,5.55,5.66,5.46,5.56,46511.0,25841.761
600678.SH,20221219,5.76,5.83,5.56,5.59,71720.0,40669.761
600678.SH,20221216,5.62,5.88,5.58,5.76,123327.07,71246.799
600678.SH,20221215,5.6,5.72,5.6,5.63,33419.52,18851.972
600678.SH,20221214,5.77,5.78,5.63,5.64,43564.0,24672.968
600678.SH,20221213,5.63,5.77,5.62,5.73,61687.4,35253.46
600678.SH,20221212,5.8,5.81,5.64,5.65,93451.65,53314.068
600678.SH,20221209,5.78,5.9,5.72,5.82,70543.42,40978.104
600678.SH,20221208,5.72,5.81,5.71,5.76,43681.0,25133.485
600678.SH,20221207,5.8,5.81,5.71,5.74,44606.0,25580.642
600678.SH,20221206,5.87,5.89,5.77,5.8,49553.0,28814.288
600678.SH,20221205,5.77,5.89,5.77,5.89,69204.06,40432.612
600678.SH,20221202,5.71,5.77,5.69,5.77,44361.0,25463.368
600678.SH,20221201,5.82,5.85,5.7,5.71,64096.0,36922.954
600678.SH,20221130,5.82,5.9,5.75,5.77,82111.12,47724.078
600678.SH,20221129,5.85,5.89,5.73,5.84,105499.52,61333.788
600678.SH,20221128,5.69,5.72,5.57,5.72,58069.85,32827.802
600678.SH,20221125,5.67,5.78,5.62,5.73,81045.76,46366.826
600678.SH,20221124,5.65,5.7,5.59,5.68,51714.19,29302.855
600678.SH,20221123,5.62,5.69,5.58,5.64,58697.08,33103.692
600678.SH,20221122,5.58,5.68,5.57,5.62,46053.89,25930.288
600678.SH,20221121,5.55,5.59,5.49,5.58,34293.11,19012.116
600678.SH,20221118,5.7,5.7,5.56,5.56,55872.0,31379.654
600678.SH,20221117,5.61,5.66,5.58,5.66,42523.02,23953.956
600678.SH,20221116,5.65,5.68,5.6,5.62,48628.02,27420.276
600678.SH,20221115,5.66,5.71,5.6,5.67,69913.0,39524.728
600678.SH,20221114,5.78,5.85,5.63,5.66,100410.27,57294.485
600678.SH,20221111,5.65,5.75,5.64,5.69,119888.63,68302.432
600678.SH,20221110,5.55,5.65,5.5,5.6,74429.91,41484.615
600678.SH,20221109,5.63,5.74,5.56,5.58,117701.03,66022.238
600678.SH,20221108,5.43,6.01,5.41,5.69,222306.47,127299.714
600678.SH,20221107,5.44,5.47,5.39,5.46,49990.0,27156.148
600678.SH,20221104,5.3,5.4,5.27,5.39,46993.0,25172.398
600678.SH,20221103,5.27,5.3,5.24,5.3,27969.67,14758.173
600678.SH,20221102,5.22,5.33,5.2,5.29,34116.0,18026.451
600678.SH,20221101,5.13,5.24,5.13,5.24,32227.77,16730.974
600678.SH,20221031,5.12,5.19,5.09,5.12,37970.63,19502.713
600678.SH,20221028,5.35,5.37,5.11,5.12,50205.19,26077.504
600678.SH,20221027,5.34,5.4,5.31,5.34,38221.72,20448.357
600678.SH,20221026,5.22,5.35,5.22,5.33,47895.01,25416.807
600678.SH,20221025,5.25,5.28,5.11,5.23,38164.0,19849.641
600678.SH,20221024,5.37,5.44,5.19,5.21,69567.0,36936.404
600678.SH,20221021,5.43,5.5,5.34,5.36,70862.66,38299.02
600678.SH,20221020,5.38,5.44,5.31,5.39,41924.73,22518.752
600678.SH,20221019,5.45,5.5,5.4,5.4,43397.0,23617.535
600678.SH,20221018,5.49,5.53,5.46,5.49,53074.84,29172.84
600678.SH,20221017,5.38,5.49,5.37,5.48,65127.38,35478.788
600678.SH,20221014,5.33,5.43,5.32,5.4,69490.03,37506.985
600678.SH,20221013,5.31,5.38,5.24,5.3,57584.05,30555.549
600678.SH,20221012,5.21,5.36,5.16,5.33,53516.03,28117.43
600678.SH,20221011,5.17,5.25,5.02,5.23,57474.94,29635.501
600678.SH,20221010,5.27,5.34,5.15,5.16,55836.0,29357.704
600678.SH,20220930,5.27,5.33,5.21,5.26,46232.84,24381.781
600678.SH,20220929,5.38,5.41,5.21,5.27,71666.0,38040.579
600678.SH,20220928,5.45,5.49,5.33,5.33,70507.6,38040.086
600678.SH,20220927,5.44,5.54,5.33,5.5,88867.0,48286.82
600678.SH,20220926,5.67,5.68,5.37,5.43,131844.0,72468.532
600678.SH,20220923,5.88,5.91,5.62,5.69,97045.0,55930.293
600678.SH,20220922,5.93,6.01,5.81,5.86,84947.41,50154.663
600678.SH,20220921,6.12,6.12,5.85,5.95,88032.0,52222.624
600678.SH,20220920,5.86,6.2,5.82,6.03,133554.0,80806.534
600678.SH,20220919,6.1,6.1,5.72,5.86,171860.0,100656.952
600678.SH,20220916,6.46,6.46,6.11,6.12,170248.0,106109.837
600678.SH,20220915,6.34,6.55,6.22,6.45,203471.16,129594.722
600678.SH,20220914,6.2,6.46,6.11,6.36,185152.08,117088.796
600678.SH,20220913,6.33,6.46,6.27,6.35,177216.72,112894.522
600678.SH,20220909,6.28,6.44,6.23,6.32,196187.0,124316.666
600678.SH,20220908,6.38,6.48,6.23,6.25,188937.63,119066.378
600678.SH,20220907,6.49,6.52,6.33,6.4,318740.53,204536.324
600678.SH,20220906,6.48,6.98,6.36,6.62,586304.13,386355.873
600678.SH,20220905,5.89,6.48,5.87,6.48,221710.02,139201.14
600678.SH,20220902,5.84,5.9,5.79,5.89,43683.94,25536.584
600678.SH,20220901,5.9,5.93,5.82,5.84,71440.0,41975.303
600678.SH,20220831,5.86,5.9,5.77,5.83,42925.01,25053.865
600678.SH,20220830,5.81,5.89,5.79,5.87,36408.0,21293.408
600678.SH,20220829,5.72,5.82,5.55,5.82,33883.07,19462.188
600678.SH,20220826,5.82,5.85,5.75,5.78,38515.83,22362.356
600678.SH,20220825,5.89,5.93,5.72,5.82,66975.91,38857.279
600678.SH,20220824,5.87,5.99,5.84,5.89,111431.16,65743.585
600678.SH,20220823,5.85,5.89,5.8,5.87,37273.77,21780.602
600678.SH,20220822,5.82,5.88,5.78,5.87,42733.21,24994.805
600678.SH,20220819,5.92,5.94,5.83,5.84,48039.86,28291.843
600678.SH,20220818,6.0,6.0,5.85,5.91,59707.02,35235.847
600678.SH,20220817,5.92,6.03,5.91,5.99,69368.0,41527.613
600678.SH,20220816,5.92,5.97,5.9,5.96,56068.61,33268.351
600678.SH,20220815,5.91,5.93,5.85,5.9,36768.0,21640.893
600678.SH,20220812,5.86,5.93,5.81,5.9,67846.63,39879.243
600678.SH,20220811,5.79,5.86,5.78,5.86,59012.76,34455.326
600678.SH,20220810,5.8,5.8,5.75,5.79,38666.74,22314.931
600678.SH,20220809,5.83,5.86,5.77,5.8,57130.0,33171.525
600678.SH,20220808,5.8,5.85,5.76,5.83,53057.83,30840.612
600678.SH,20220805,5.79,5.82,5.73,5.81,61496.01,35544.253
600678.SH,20220804,5.76,5.81,5.65,5.79,56715.83,32538.919
600678.SH,20220803,5.73,5.89,5.69,5.72,82856.0,48003.742
600678.SH,20220802,6.07,6.07,5.69,5.8,120095.95,69613.693
600678.SH,20220801,6.18,6.19,6.05,6.08,73904.88,44986.103
600678.SH,20220729,6.18,6.25,6.15,6.17,69151.0,42811.464
600678.SH,20220728,6.17,6.3,6.15,6.17,92277.0,57276.776
600678.SH,20220727,6.15,6.3,6.07,6.12,125040.33,76847.321
600678.SH,20220726,6.07,6.12,6.01,6.1,48954.17,29683.408
600678.SH,20220725,6.11,6.2,6.03,6.07,73371.0,44782.855
600678.SH,20220722,6.13,6.15,6.04,6.11,61413.0,37504.775
600678.SH,20220721,6.23,6.31,6.08,6.09,93497.0,57423.834
600678.SH,20220720,6.32,6.36,6.21,6.26,81632.4,51048.755
600678.SH,20220719,6.14,6.35,6.12,6.32,122097.0,76544.472
600678.SH,20220718,5.78,6.19,5.7,6.16,152901.37,92597.453
600678.SH,20220715,6.13,6.13,5.72,5.8,190986.55,112372.498
600678.SH,20220714,6.4,6.45,6.19,6.22,122046.41,76512.98
600678.SH,20220713,6.14,6.59,6.08,6.39,200228.93,127225.334
600678.SH,20220712,6.23,6.23,6.07,6.08,67639.62,41477.72
600678.SH,20220711,6.17,6.18,6.06,6.14,59574.59,36474.874
600678.SH,20220708,6.18,6.26,6.13,6.15,61286.24,37923.473
600678.SH,20220707,6.36,6.37,6.16,6.17,97080.0,60427.234
600678.SH,20220706,6.21,6.35,6.16,6.35,94037.32,58906.523
600678.SH,20220705,6.38,6.39,6.18,6.27,102746.32,64337.053
600678.SH,20220704,6.5,6.54,6.34,6.4,108319.29,69317.676
600678.SH,20220701,6.3,6.53,6.21,6.49,168043.6,108302.144
600678.SH,20220630,6.32,6.38,6.26,6.3,98527.58,62298.851
600678.SH,20220629,6.4,6.5,6.29,6.3,131673.58,83981.036
600678.SH,20220628,6.43,6.46,6.26,6.4,111160.17,70791.666
600678.SH,20220627,6.45,6.49,6.34,6.4,151993.0,97054.625
600678.SH,20220624,6.3,6.56,6.27,6.5,239252.9,154251.277
600678.SH,20220623,6.01,6.43,6.0,6.38,276949.32,173912.099
600678.SH,20220622,6.2,6.22,6.01,6.03,119128.01,72340.323
600678.SH,20220621,6.11,6.25,6.07,6.18,176513.26,108954.755
600678.SH,20220620,6.07,6.22,6.0,6.09,191099.3,116656.967
600678.SH,20220617,5.86,6.17,5.82,6.07,342374.26,205616.329
600678.SH,20220616,5.8,5.84,5.75,5.78,83259.0,48172.807
600678.SH,20220615,5.81,5.88,5.78,5.81,118833.92,69335.241
600678.SH,20220614,5.78,5.81,5.63,5.81,94337.04,54136.418
600678.SH,20220613,5.9,5.91,5.73,5.82,131152.63,75923.686
600678.SH,20220610,5.82,5.92,5.77,5.91,138322.71,80993.851
600678.SH,20220609,5.84,5.96,5.77,5.91,156169.57,91732.682
600678.SH,20220608,5.92,5.94,5.75,5.86,117987.02,69014.513
600678.SH,20220607,5.96,5.99,5.85,5.89,111188.01,65638.62
600678.SH,20220606,5.96,6.03,5.87,5.96,181873.89,107840.019
600678.SH,20220602,6.27,6.33,5.97,6.0,272981.01,165782.551
600678.SH,20220601,5.87,6.14,5.82,6.03,220163.46,132282.733
600678.SH,20220531,5.83,5.92,5.77,5.88,172614.4,100957.195
600678.SH,20220530,5.79,5.84,5.72,5.8,113772.0,65742.173
600678.SH,20220527,5.71,5.79,5.66,5.76,141739.74,81340.772
600678.SH,20220526,5.64,5.78,5.59,5.71,140414.19,79970.426
600678.SH,20220525,5.42,5.63,5.42,5.61,108520.81,60446.762
600678.SH,20220524,5.8,5.82,5.45,5.46,177237.0,99964.151
600678.SH,20220523,5.69,5.8,5.67,5.78,122580.89,70492.437
600678.SH,20220520,5.69,5.75,5.64,5.72,130615.63,74440.823
600678.SH,20220519,5.6,5.74,5.53,5.7,121325.54,68764.563
600678.SH,20220518,5.7,5.73,5.62,5.66,117349.0,66511.808
600678.SH,20220517,5.83,5.83,5.6,5.7,159538.09,90404.344
600678.SH,20220516,5.8,5.9,5.74,5.81,189464.01,109906.018
600678.SH,20220513,5.69,5.83,5.63,5.8,229522.0,131874.207
600678.SH,20220512,5.59,5.72,5.53,5.66,173654.03,97976.355
600678.SH,20220511,5.72,5.95,5.63,5.64,287168.47,164946.365
600678.SH,20220510,5.41,6.02,5.35,5.77,317439.77,180251.608
600678.SH,20220509,5.39,5.54,5.39,5.47,147816.46,81034.337
600678.SH,20220506,5.43,5.46,5.34,5.36,164232.58,88604.64
600678.SH,20220505,5.6,5.67,5.5,5.61,200927.0,112262.398
600678.SH,20220429,5.55,5.67,5.43,5.65,223980.51,124774.124
600678.SH,20220428,5.5,5.57,5.3,5.54,182292.42,99395.411
600678.SH,20220427,5.36,5.62,5.33,5.61,240667.49,132643.831
600678.SH,20220426,5.4,5.47,5.23,5.28,156430.63,83839.639
600678.SH,20220425,5.61,5.72,5.31,5.33,194871.97,107545.142
600678.SH,20220422,5.72,5.85,5.65,5.73,154875.47,89068.572
600678.SH,20220421,6.1,6.14,5.72,5.76,214248.19,126202.295
600678.SH,20220420,6.33,6.38,6.05,6.11,229318.79,141935.33
600678.SH,20220419,6.36,6.4,6.26,6.33,195359.0,123345.139
600678.SH,20220418,6.4,6.52,6.24,6.35,223900.65,142963.992
600678.SH,20220415,6.7,6.89,6.42,6.45,330448.05,218770.532
600678.SH,20220414,6.63,6.85,6.51,6.77,405440.06,273832.433
600678.SH,20220413,7.15,7.18,6.66,6.66,620437.65,424051.688
600678.SH,20220412,6.97,7.76,6.73,7.4,802922.83,580242.989
600678.SH,20220411,8.02,8.02,7.23,7.3,1057852.14,792631.695
600678.SH,20220408,7.95,8.03,7.45,8.03,972888.24,773817.048
600678.SH,20220407,6.95,7.78,6.91,7.3,893907.87,675368.198
600678.SH,20220406,6.85,7.1,6.81,7.07,473853.8,331074.506
600678.SH,20220401,6.95,7.08,6.7,6.81,593453.37,406221.759
600678.SH,20220331,7.53,7.89,7.16,7.26,934911.37,702441.813
600678.SH,20220330,6.49,7.17,6.46,7.17,354934.0,248675.255
600678.SH,20220329,6.62,6.65,6.47,6.52,135672.02,88684.685
600678.SH,20220328,6.4,6.68,6.33,6.65,193767.4,127023.614
600678.SH,20220325,6.21,6.67,6.16,6.58,210315.4,136179.542
600678.SH,20220324,6.37,6.44,6.19,6.22,91560.4,57478.436
600678.SH,20220323,6.5,6.57,6.38,6.44,76679.4,49403.701
600678.SH,20220322,6.48,6.53,6.39,6.5,84338.0,54514.237
600678.SH,20220321,6.35,6.67,6.29,6.52,155898.0,101780.209
600678.SH,20220318,6.18,6.34,6.15,6.29,81775.0,51396.564
600678.SH,20220317,6.19,6.37,6.14,6.22,140462.7,87969.488
600678.SH,20220316,5.8,6.17,5.72,6.1,186443.43,111308.403
600678.SH,20220315,6.41,6.54,5.89,5.89,250626.7,154971.535
600678.SH,20220314,6.64,6.78,6.53,6.54,174787.0,116491.638
600678.SH,20220311,6.43,6.72,6.42,6.65,180020.32,118608.5
600678.SH,20220310,6.5,6.61,6.4,6.53,172855.0,112898.245
600678.SH,20220309,6.3,6.45,6.13,6.45,161190.0,102457.514
600678.SH,20220308,6.3,6.46,6.1,6.32,126773.07,80273.703
600678.SH,20220307,6.36,6.44,6.32,6.33,60447.0,38536.24
600678.SH,20220304,6.42,6.43,6.28,6.36,70083.01,44386.971
600678.SH,20220303,6.39,6.52,6.36,6.45,86354.03,55695.504
600678.SH,20220302,6.36,6.47,6.28,6.39,80971.0,51660.303
600678.SH,20220301,6.36,6.36,6.24,6.3,68385.0,42997.149
600678.SH,20220228,6.24,6.31,6.15,6.27,63318.0,39559.877
600678.SH,20220225,6.24,6.44,6.2,6.25,92612.0,58352.967
600678.SH,20220224,6.36,6.39,6.06,6.22,157938.0,98434.105
600678.SH,20220223,6.42,6.44,6.34,6.39,95425.0,60874.174
600678.SH,20220222,6.48,6.51,6.39,6.44,104102.01,67016.027
600678.SH,20220221,6.58,6.58,6.42,6.51,120534.01,78147.751
600678.SH,20220218,6.39,6.6,6.33,6.59,194688.02,126809.006
600678.SH,20220217,6.45,6.55,6.31,6.37,124615.02,79648.377
600678.SH,20220216,6.36,6.46,6.33,6.42,143586.0,91867.537
600678.SH,20220215,6.2,6.54,6.2,6.43,259285.0,165379.615
600678.SH,20220214,6.19,6.27,6.12,6.17,73904.0,45808.667
600678.SH,20220211,6.29,6.29,6.13,6.17,81835.0,50682.667
600678.SH,20220210,6.35,6.4,6.22,6.3,79564.04,49946.34
600678.SH,20220209,6.33,6.43,6.2,6.32,127758.32,80488.586
600678.SH,20220208,6.18,6.25,6.1,6.22,122199.02,75361.393
600678.SH,20220207,5.87,6.16,5.82,6.14,148017.52,89783.309
600678.SH,20220128,5.65,5.79,5.65,5.78,43198.4,24815.175
600678.SH,20220127,5.71,5.71,5.59,5.65,46697.29,26294.232
600678.SH,20220126,5.65,5.71,5.56,5.7,38560.58,21769.353
600678.SH,20220125,5.83,5.9,5.59,5.61,72092.02,41240.265
600678.SH,20220124,5.89,5.98,5.82,5.9,43808.0,25902.015
600678.SH,20220121,6.03,6.04,5.86,5.89,50968.78,30142.342
600678.SH,20220120,6.12,6.14,5.95,6.0,76721.78,46167.444
600678.SH,20220119,5.99,6.18,5.95,6.12,99858.77,60962.559
600678.SH,20220118,6.12,6.12,5.96,5.98,59527.08,35724.659
600678.SH,20220117,6.02,6.11,6.0,6.1,51599.0,31309.195
600678.SH,20220114,6.17,6.17,6.0,6.02,74970.0,45468.068
600678.SH,20220113,6.17,6.21,6.11,6.14,59177.0,36486.7
600678.SH,20220112,6.17,6.19,6.09,6.17,55644.0,34220.389
600678.SH,20220111,6.19,6.3,6.14,6.17,65857.8,40927.371
600678.SH,20220110,6.11,6.22,6.06,6.19,62513.16,38502.999
600678.SH,20220107,6.18,6.26,6.1,6.12,94310.2,58460.887
600678.SH,20220106,6.13,6.26,6.1,6.16,113679.31,70304.844
600678.SH,20220105,6.14,6.14,6.04,6.1,78682.2,47930.731
600678.SH,20220104,6.03,6.15,6.02,6.14,99422.62,60792.225
600678.SH,20211231,6.03,6.05,5.96,6.03,66038.77,39656.686
600678.SH,20211230,5.98,6.08,5.98,6.0,73064.95,44021.813
600678.SH,20211229,5.95,6.02,5.88,5.98,58003.23,34555.092
600678.SH,20211228,5.92,5.97,5.87,5.95,61624.79,36495.074
600678.SH,20211227,5.79,5.93,5.75,5.87,61738.0,36156.089
600678.SH,20211224,5.96,5.98,5.8,5.8,92983.09,54473.077
600678.SH,20211223,6.09,6.11,5.95,5.96,89143.54,53421.154
600678.SH,20211222,6.14,6.24,6.03,6.08,121687.69,74099.756
600678.SH,20211221,5.91,6.14,5.87,6.07,216886.0,131368.409
600678.SH,20211220,5.95,6.03,5.89,5.91,73671.21,43854.562
600678.SH,20211217,6.0,6.08,5.95,5.98,96028.4,57610.402
600678.SH,20211216,6.0,6.16,5.98,6.02,84613.0,51203.185
600678.SH,20211215,6.03,6.16,5.98,6.0,121838.1,73820.088
600678.SH,20211214,5.9,5.93,5.83,5.9,60843.67,35748.499
600678.SH,20211213,5.95,6.05,5.9,5.93,70309.77,42004.216
600678.SH,20211210,5.96,6.0,5.89,5.9,64188.77,38051.227
600678.SH,20211209,5.85,6.09,5.84,5.99,99585.86,59550.206
600678.SH,20211208,5.94,6.05,5.86,5.89,133932.46,79511.105
600678.SH,20211207,6.06,6.26,5.9,6.0,183020.72,110949.731
600678.SH,20211206,5.81,6.0,5.77,5.98,146617.0,86699.931
600678.SH,20211203,5.78,5.84,5.73,5.81,57615.01,33377.727
600678.SH,20211202,5.77,5.9,5.72,5.81,100374.77,58419.99
600678.SH,20211201,5.65,5.77,5.62,5.77,76327.95,43684.002
600678.SH,20211130,5.57,5.73,5.56,5.64,52150.47,29511.787
600678.SH,20211129,5.54,5.61,5.5,5.6,32465.17,18039.349
600678.SH,20211126,5.67,5.67,5.6,5.63,48179.57,27140.672
600678.SH,20211125,5.73,5.73,5.65,5.68,39726.99,22566.054
600678.SH,20211124,5.68,5.73,5.6,5.71,61372.09,34785.06
600678.SH,20211123,5.64,5.92,5.62,5.69,105709.52,60784.328
600678.SH,20211122,5.59,5.62,5.53,5.6,47938.55,26697.045
600678.SH,20211119,5.56,5.6,5.52,5.59,41191.95,22912.557
600678.SH,20211118,5.61,5.66,5.55,5.56,53993.9,30309.836
600678.SH,20211117,5.59,5.62,5.54,5.61,40875.95,22852.472
600678.SH,20211116,5.57,5.64,5.53,5.58,67944.01,37894.966
600678.SH,20211115,5.54,5.58,5.47,5.57,58773.16,32530.452
600678.SH,20211112,5.57,5.57,5.45,5.51,69803.26,38344.794
600678.SH,20211111,5.44,5.6,5.43,5.57,71590.84,39712.377
600678.SH,20211110,5.49,5.49,5.38,5.46,45992.1,24966.807
600678.SH,20211109,5.43,5.49,5.4,5.49,39000.74,21242.145
600678.SH,20211108,5.35,5.43,5.3,5.43,47772.54,25752.319
600678.SH,20211105,5.36,5.37,5.29,5.31,42677.83,22689.915
600678.SH,20211104,5.36,5.4,5.3,5.37,34581.78,18507.054
600678.SH,20211103,5.31,5.38,5.31,5.35,28110.0,15010.648
600678.SH,20211102,5.46,5.49,5.29,5.31,48732.15,26166.131
600678.SH,20211101,5.49,5.5,5.39,5.46,49919.64,27230.281
600678.SH,20211029,5.28,5.44,5.28,5.43,44236.59,23804.756
600678.SH,20211028,5.38,5.46,5.28,5.3,46821.0,24983.122
600678.SH,20211027,5.56,5.6,5.36,5.41,72801.0,39578.229
600678.SH,20211026,5.64,5.71,5.56,5.6,49639.79,27852.366
600678.SH,20211025,5.72,5.74,5.61,5.66,57101.27,32276.955
600678.SH,20211022,5.76,5.88,5.66,5.8,41932.0,24301.325
600678.SH,20211021,5.92,6.03,5.77,5.77,75824.0,44589.344
600678.SH,20211020,5.92,5.92,5.82,5.83,42160.17,24680.224
600678.SH,20211019,5.88,5.97,5.88,5.92,36021.0,21352.743
600678.SH,20211018,5.92,5.95,5.84,5.95,42685.78,25232.055
600678.SH,20211015,5.98,5.98,5.85,5.9,42124.78,24851.392
600678.SH,20211014,5.98,5.98,5.87,5.94,37061.01,21985.206
600678.SH,20211013,5.99,6.03,5.8,5.91,59570.9,35081.708
600678.SH,20211012,6.0,6.04,5.84,5.97,77861.25,46261.399
600678.SH,20211011,6.04,6.13,5.97,6.03,84929.93,51248.721
600678.SH,20211008,5.8,6.08,5.77,6.04,144661.54,85974.672
600678.SH,20210930,5.5,5.84,5.5,5.76,83500.27,47729.711
600678.SH,20210929,5.96,5.96,5.69,5.69,120173.77,69565.915
600678.SH,20210928,5.81,6.1,5.74,5.96,164473.48,97247.094
600678.SH,20210927,6.35,6.37,5.81,5.86,269471.77,162030.714
600678.SH,20210924,7.07,7.07,6.43,6.45,366993.26,243053.998
600678.SH,20210923,6.92,7.2,6.92,7.13,366678.87,260340.975
600678.SH,20210922,6.8,7.05,6.75,6.89,281364.17,194505.985
600678.SH,20210917,7.02,7.19,6.67,6.8,555120.18,386156.157
600678.SH,20210916,6.65,7.12,6.63,7.12,486186.98,343300.534
600678.SH,20210915,6.34,6.66,6.29,6.47,166313.61,107522.12
600678.SH,20210914,6.63,6.67,6.34,6.34,188197.23,121671.492
600678.SH,20210913,6.58,6.8,6.56,6.65,180542.93,120674.992
600678.SH,20210910,6.79,7.02,6.55,6.56,303330.62,205728.158
600678.SH,20210909,6.54,6.86,6.51,6.8,263543.44,177468.071
600678.SH,20210908,6.61,6.65,6.46,6.58,165658.46,108466.341
600678.SH,20210907,6.64,6.69,6.6,6.62,107161.0,70955.699
600678.SH,20210906,6.64,6.76,6.55,6.64,110034.64,72948.386
600678.SH,20210903,6.76,6.81,6.57,6.64,178199.42,118886.29
600678.SH,20210902,6.77,6.89,6.65,6.84,201648.37,136844.747
600678.SH,20210901,6.58,6.94,6.52,6.81,292763.13,197093.702
600678.SH,20210831,6.49,6.63,6.36,6.58,186792.13,121932.877
600678.SH,20210830,6.53,6.76,6.39,6.43,183457.18,119398.316
600678.SH,20210827,6.36,6.78,6.36,6.59,198641.49,131157.269
600678.SH,20210826,6.27,6.55,6.21,6.41,188247.14,120705.452
600678.SH,20210825,6.17,6.33,6.13,6.3,122381.41,76596.589
600678.SH,20210824,6.23,6.28,6.14,6.19,117969.93,73042.652
600678.SH,20210823,6.34,6.37,6.24,6.29,162292.94,102062.792
600678.SH,20210820,5.99,6.36,5.95,6.33,212790.14,132043.488
600678.SH,20210819,6.2,6.2,6.04,6.06,116198.7,70655.794
600678.SH,20210818,6.04,6.26,6.03,6.2,154445.05,95153.02
600678.SH,20210817,6.05,6.29,6.02,6.04,142208.88,87433.635
600678.SH,20210816,5.97,6.23,5.96,6.08,117164.53,71924.728
600678.SH,20210813,6.02,6.03,5.92,5.98,76736.01,45797.283
600678.SH,20210812,6.0,6.05,5.97,6.03,74643.99,44835.47
600678.SH,20210811,6.04,6.09,5.97,6.0,79392.95,47768.474
600678.SH,20210810,6.09,6.15,5.98,6.04,110653.6,66716.212
600678.SH,20210809,5.96,6.18,5.87,6.06,136541.54,82647.604
600678.SH,20210806,5.96,6.01,5.95,5.98,80497.17,48031.321
600678.SH,20210805,5.98,6.11,5.94,6.01,126486.23,75957.281
600678.SH,20210804,5.9,5.99,5.87,5.99,94594.0,56078.476
600678.SH,20210803,5.93,6.02,5.9,5.94,127543.39,75890.695
600678.SH,20210802,5.77,6.03,5.7,5.98,222007.31,131567.72
600678.SH,20210730,5.79,5.83,5.72,5.77,94811.65,54789.616
600678.SH,20210729,5.63,5.81,5.6,5.79,134117.72,77252.285
600678.SH,20210728,5.62,5.76,5.46,5.66,116350.64,65907.312
600678.SH,20210727,5.62,5.73,5.53,5.54,70471.53,39804.963
600678.SH,20210726,5.69,5.78,5.59,5.64,73967.54,41950.933
600678.SH,20210723,5.77,5.8,5.67,5.74,71396.0,40861.472
600678.SH,20210722,5.62,5.92,5.62,5.8,126318.07,72910.927
600678.SH,20210721,5.57,5.75,5.55,5.65,71614.57,40480.527
600678.SH,20210720,5.5,5.55,5.45,5.54,38262.0,21040.067
600678.SH,20210719,5.61,5.64,5.5,5.55,49562.0,27441.691
600678.SH,20210716,5.61,5.68,5.58,5.61,49294.0,27768.396
600678.SH,20210715,5.69,5.71,5.56,5.62,59874.0,33624.829
600678.SH,20210714,5.72,5.87,5.64,5.65,86710.43,49829.961
600678.SH,20210713,5.67,5.76,5.63,5.74,61071.75,34801.332
600678.SH,20210712,5.66,5.73,5.63,5.71,65264.7,37182.845
600678.SH,20210709,5.6,5.72,5.55,5.68,84071.48,47256.82
600678.SH,20210708,5.62,5.8,5.56,5.64,117610.11,66442.199
600678.SH,20210707,5.73,5.76,5.56,5.69,143616.78,81506.814
600678.SH,20210706,5.46,6.04,5.44,5.8,250908.11,146598.887
600678.SH,20210705,5.36,5.52,5.35,5.49,56236.28,30620.671
600678.SH,20210702,5.45,5.45,5.3,5.35,57792.01,30901.215
600678.SH,20210701,5.48,5.65,5.4,5.48,86256.32,47790.03
600678.SH,20210630,5.51,5.51,5.45,5.47,18188.32,9959.281
600678.SH,20210629,5.59,5.59,5.47,5.48,24427.68,13479.835
600678.SH,20210628,5.56,5.59,5.52,5.58,31373.1,17449.429
600678.SH,20210625,5.52,5.58,5.51,5.57,25696.47,14268.911
600678.SH,20210624,5.59,5.61,5.52,5.54,26760.0,14851.499
600678.SH,20210623,5.6,5.62,5.54,5.57,22737.34,12661.457
600678.SH,20210622,5.5,5.66,5.46,5.58,69944.3,38996.572
600678.SH,20210621,5.44,5.53,5.42,5.49,32623.05,17855.962
600678.SH,20210618,5.4,5.45,5.35,5.44,23715.41,12800.683
600678.SH,20210617,5.54,5.54,5.38,5.4,43268.95,23576.977
600678.SH,20210616,5.52,5.57,5.46,5.5,25376.54,14006.907
600678.SH,20210615,5.64,5.65,5.53,5.53,43333.0,24097.151
600678.SH,20210611,5.66,5.72,5.65,5.66,38719.75,22005.793
600678.SH,20210610,5.64,5.67,5.6,5.65,33571.81,18928.254
600678.SH,20210609,5.57,5.64,5.56,5.64,35624.0,20002.322
600678.SH,20210608,5.66,5.66,5.58,5.61,29020.15,16259.645
600678.SH,20210607,5.61,5.65,5.59,5.63,33782.53,18947.392
600678.SH,20210604,5.62,5.66,5.57,5.61,35009.02,19661.93
600678.SH,20210603,5.65,5.7,5.62,5.63,30610.0,17306.354
600678.SH,20210602,5.74,5.74,5.62,5.65,58034.67,32925.03
600678.SH,20210601,5.77,5.78,5.72,5.75,28825.0,16569.457
600678.SH,20210531,5.75,5.79,5.71,5.77,35000.0,20098.353
600678.SH,20210528,5.85,5.85,5.76,5.76,41937.08,24265.499
600678.SH,20210527,5.77,5.85,5.71,5.82,43642.44,25338.33
600678.SH,20210526,5.83,5.91,5.78,5.8,66584.08,38755.583
600678.SH,20210525,5.83,5.88,5.75,5.85,64008.66,37277.999
600678.SH,20210524,5.72,5.87,5.72,5.81,57502.4,33403.682
600678.SH,20210521,5.68,5.78,5.68,5.72,36238.72,20750.501
600678.SH,20210520,5.7,5.75,5.64,5.71,52359.98,29808.599
600678.SH,20210519,5.7,5.93,5.62,5.8,96162.86,55664.239
600678.SH,20210518,5.82,5.82,5.62,5.69,48942.9,27766.167
600678.SH,20210517,5.76,5.86,5.76,5.77,42838.0,24823.656
600678.SH,20210514,5.74,5.82,5.71,5.8,60172.45,34673.285
600678.SH,20210513,5.73,5.81,5.72,5.74,43843.39,25253.953
600678.SH,20210512,5.78,5.87,5.73,5.81,55809.64,32341.024
600678.SH,20210511,5.77,5.79,5.69,5.78,50419.41,28955.523
600678.SH,20210510,5.74,5.82,5.68,5.8,72544.42,41752.174
600678.SH,20210507,5.67,5.78,5.58,5.71,83196.4,47320.43
600678.SH,20210506,5.52,5.62,5.48,5.57,33250.26,18525.233
600678.SH,20210430,5.58,5.59,5.45,5.52,36048.75,19888.697
600678.SH,20210429,5.41,5.6,5.36,5.44,29305.52,15990.827
600678.SH,20210428,5.41,5.46,5.38,5.41,21383.77,11567.276
600678.SH,20210427,5.51,5.54,5.4,5.41,28572.0,15531.403
600678.SH,20210426,5.57,5.6,5.5,5.5,20922.0,11613.222
600678.SH,20210423,5.67,5.67,5.55,5.57,27862.06,15527.815
600678.SH,20210422,5.65,5.7,5.64,5.65,21601.0,12238.657
600678.SH,20210421,5.7,5.7,5.61,5.66,27901.0,15774.876
600678.SH,20210420,5.76,5.76,5.7,5.71,24673.32,14136.837
600678.SH,20210419,5.7,5.78,5.65,5.76,36590.13,21020.91
600678.SH,20210416,5.56,5.72,5.56,5.7,47408.87,26851.659
600678.SH,20210415,5.58,5.61,5.54,5.55,30179.54,16790.587
600678.SH,20210414,5.56,5.63,5.54,5.61,35547.01,19832.801
600678.SH,20210413,5.63,5.71,5.54,5.55,51797.0,29055.398
600678.SH,20210412,5.79,5.82,5.67,5.71,41863.0,23987.225
600678.SH,20210409,5.88,5.88,5.78,5.78,43685.0,25412.186
600678.SH,20210408,5.85,5.98,5.78,5.91,75168.74,44149.776
600678.SH,20210407,5.92,5.92,5.71,5.89,68953.1,40024.605
600678.SH,20210406,5.89,5.94,5.89,5.94,33678.5,19912.205
600678.SH,20210402,5.95,5.97,5.86,5.92,40020.72,23603.619
600678.SH,20210401,5.99,6.02,5.88,5.94,53975.25,31971.966
600678.SH,20210331,6.0,6.02,5.91,6.0,71796.86,42795.903
600678.SH,20210330,5.86,6.05,5.83,6.01,118327.58,70634.945
600678.SH,20210329,5.85,6.1,5.85,5.91,128333.01,76549.188
600678.SH,20210326,5.76,5.86,5.73,5.8,54613.58,31625.52
600678.SH,20210325,5.7,5.78,5.7,5.73,51885.9,29725.974
600678.SH,20210324,5.73,5.87,5.7,5.78,108427.73,62500.918
600678.SH,20210323,5.89,6.2,5.89,5.91,174721.72,104981.121
600678.SH,20210322,5.8,5.84,5.71,5.84,69065.6,40053.939
600678.SH,20210319,5.7,5.85,5.63,5.76,76865.97,44287.645
600678.SH,20210318,5.9,5.92,5.81,5.82,75010.95,43862.401
600678.SH,20210317,5.89,5.95,5.79,5.89,104855.78,61596.746
600678.SH,20210316,5.98,6.05,5.87,5.93,122224.55,72485.681
600678.SH,20210315,5.83,6.08,5.83,6.03,176726.84,105344.37
600678.SH,20210312,6.33,6.33,5.92,5.97,350060.09,214224.578
600678.SH,20210311,6.03,6.07,5.9,6.07,240597.36,145747.546
600678.SH,20210310,5.58,5.67,5.49,5.52,37218.2,20623.664
600678.SH,20210309,5.71,5.75,5.45,5.59,62207.99,34886.806
600678.SH,20210308,5.79,5.86,5.67,5.67,54339.58,31335.299
600678.SH,20210305,5.85,5.93,5.73,5.8,88150.15,51190.408
600678.SH,20210304,5.86,6.1,5.8,5.9,100426.71,59736.552
600678.SH,20210303,5.99,6.07,5.85,5.94,93301.98,55404.928
600678.SH,20210302,5.97,6.13,5.83,5.93,124246.24,74175.949
600678.SH,20210301,5.63,6.13,5.63,5.97,165892.54,97381.4
600678.SH,20210226,5.61,5.8,5.55,5.65,149731.92,84991.814
600678.SH,20210225,5.69,6.14,5.57,5.91,241935.3,145774.966
600678.SH,20210224,5.55,5.71,5.55,5.58,45693.03,25686.084
600678.SH,20210223,5.75,5.75,5.57,5.57,52479.55,29462.108
600678.SH,20210222,5.58,5.83,5.51,5.67,117130.3,66980.563
600678.SH,20210219,5.33,5.7,5.24,5.58,87814.0,48420.399
600678.SH,20210218,5.24,5.33,5.23,5.29,35050.06,18506.734
600678.SH,20210210,5.06,5.18,5.06,5.18,22748.77,11721.717
600678.SH,20210209,5.02,5.12,4.97,5.09,29986.6,15173.173
600678.SH,20210208,4.97,5.06,4.97,5.02,20384.0,10247.836
600678.SH,20210205,5.03,5.16,5.0,5.0,31937.01,16197.249
600678.SH,20210204,5.14,5.17,4.95,5.0,43040.55,21528.646
600678.SH,20210203,5.25,5.25,5.14,5.14,26728.0,13847.956
600678.SH,20210202,5.2,5.31,5.18,5.25,26966.01,14161.903
600678.SH,20210201,5.23,5.26,5.16,5.2,26820.27,13951.609
600678.SH,20210129,5.37,5.4,5.17,5.23,44384.5,23401.572
600678.SH,20210128,5.42,5.45,5.35,5.37,26605.0,14338.761
600678.SH,20210127,5.42,5.53,5.38,5.45,27673.7,15109.535
600678.SH,20210126,5.41,5.47,5.35,5.38,34738.45,18836.278
600678.SH,20210125,5.55,5.61,5.41,5.43,59476.79,32524.959
600678.SH,20210122,5.77,5.77,5.59,5.6,45649.22,25781.358
600678.SH,20210121,5.75,5.82,5.75,5.77,29137.97,16863.473
600678.SH,20210120,5.89,5.9,5.76,5.79,28215.11,16352.143
600678.SH,20210119,5.82,5.91,5.77,5.82,51172.37,29839.801
600678.SH,20210118,5.73,5.79,5.69,5.75,33435.53,19222.759
600678.SH,20210115,5.68,5.78,5.66,5.73,33090.52,18916.985
600678.SH,20210114,5.6,5.81,5.54,5.71,52703.78,29880.059
600678.SH,20210113,5.83,5.85,5.66,5.67,77004.29,43953.264
600678.SH,20210112,5.83,5.89,5.82,5.85,43420.62,25397.933
600678.SH,20210111,5.95,6.04,5.8,5.83,82196.67,48502.244
600678.SH,20210108,5.97,6.08,5.96,6.0,57013.65,34335.438
600678.SH,20210107,6.22,6.28,6.0,6.03,119371.02,72871.066
600678.SH,20210106,6.17,6.43,6.14,6.33,154934.2,97901.412
600678.SH,20210105,6.1,6.24,6.08,6.19,75449.6,46576.99
600678.SH,20210104,6.07,6.21,6.03,6.18,69047.16,42442.863
600678.SH,20201231,6.03,6.14,6.03,6.1,50474.0,30716.99
600678.SH,20201230,6.06,6.1,5.99,6.04,49820.12,30115.338
600678.SH,20201229,5.91,6.27,5.9,6.12,88825.18,54204.716
600678.SH,20201228,6.07,6.1,5.95,5.96,56950.0,34123.731
600678.SH,20201225,5.99,6.18,5.97,6.07,51524.0,31277.214
600678.SH,20201224,6.11,6.13,5.96,5.97,54892.02,33047.584
600678.SH,20201223,6.12,6.2,6.05,6.08,60337.13,36776.598
600678.SH,20201222,6.44,6.44,6.12,6.15,78404.0,48813.475
600678.SH,20201221,6.31,6.42,6.24,6.34,66920.67,42531.904
600678.SH,20201218,6.21,6.43,6.17,6.3,100915.55,63954.126
600678.SH,20201217,6.0,6.29,5.94,6.23,96063.89,59006.384
600678.SH,20201216,6.18,6.2,6.03,6.05,60784.52,37033.549
600678.SH,20201215,6.08,6.37,5.96,6.23,92687.02,57266.618
600678.SH,20201214,6.13,6.2,6.05,6.08,52115.91,31770.725
600678.SH,20201211,6.27,6.3,6.12,6.18,45799.44,28366.452
600678.SH,20201210,6.17,6.29,6.15,6.29,52869.48,33026.632
600678.SH,20201209,6.44,6.44,6.18,6.2,99255.0,62200.79
600678.SH,20201208,6.55,6.59,6.41,6.45,71605.93,46475.479
600678.SH,20201207,6.76,6.76,6.52,6.54,99165.2,65494.941
600678.SH,20201204,6.7,6.76,6.57,6.76,81927.37,54621.442
600678.SH,20201203,6.81,6.88,6.69,6.74,89721.64,60443.592
600678.SH,20201202,6.93,7.02,6.81,6.84,132435.21,91420.282
600678.SH,20201201,6.75,7.04,6.64,6.9,184062.94,126474.221
600678.SH,20201130,6.72,6.88,6.62,6.75,120402.85,81598.059
600678.SH,20201127,6.61,6.75,6.48,6.68,106985.66,70659.679
600678.SH,20201126,6.69,6.74,6.56,6.61,89046.01,58964.227
600678.SH,20201125,6.97,7.02,6.68,6.68,149816.49,102497.467
600678.SH,20201124,6.99,7.1,6.87,6.97,173823.57,121043.107
600678.SH,20201123,6.65,7.08,6.58,6.95,239236.53,164801.362
600678.SH,20201120,6.56,6.67,6.47,6.67,96585.0,63476.524
600678.SH,20201119,6.67,6.78,6.57,6.59,102180.73,67718.501
600678.SH,20201118,6.7,6.88,6.63,6.74,165637.16,111828.417
600678.SH,20201117,6.81,7.04,6.72,6.8,233679.76,161139.548
600678.SH,20201116,6.51,6.95,6.49,6.84,214109.2,144704.403
600678.SH,20201113,6.59,6.64,6.45,6.56,123462.81,80766.92
600678.SH,20201112,6.49,6.86,6.45,6.7,247261.17,163513.423
600678.SH,20201111,6.29,6.88,6.22,6.77,337075.86,227444.405
600678.SH,20201110,6.38,6.43,6.21,6.25,96651.61,61156.03
600678.SH,20201109,6.32,6.43,6.26,6.38,85999.54,54569.363
600678.SH,20201106,6.24,6.32,6.16,6.28,83358.4,52067.861
600678.SH,20201105,6.17,6.24,6.13,6.22,56182.85,34743.921
600678.SH,20201104,6.09,6.18,6.04,6.13,58719.02,35948.447
600678.SH,20201103,5.8,6.14,5.8,6.09,80188.31,48165.398
600678.SH,20201102,5.92,5.96,5.77,5.81,65548.92,38194.172
600678.SH,20201030,6.2,6.22,5.91,5.94,70970.08,42902.224
600678.SH,20201029,6.12,6.25,6.05,6.19,47738.27,29339.342
600678.SH,20201028,6.28,6.34,6.16,6.23,31757.01,19840.557
600678.SH,20201027,6.14,6.32,6.11,6.28,42970.74,26860.728
600678.SH,20201026,6.25,6.25,6.11,6.16,38059.02,23461.109
600678.SH,20201023,6.34,6.41,6.22,6.24,38293.43,24138.105
600678.SH,20201022,6.46,6.46,6.25,6.35,51765.98,32713.527
600678.SH,20201021,6.59,6.59,6.45,6.47,41759.28,27151.149
600678.SH,20201020,6.64,6.65,6.51,6.61,40515.06,26637.379
600678.SH,20201019,6.64,6.75,6.63,6.66,48175.74,32228.775
600678.SH,20201016,6.61,6.64,6.56,6.62,32238.79,21279.823
600678.SH,20201015,6.72,6.73,6.6,6.61,30773.61,20450.513
600678.SH,20201014,6.8,6.8,6.62,6.65,48900.48,32655.486
600678.SH,20201013,6.86,6.9,6.75,6.79,37538.0,25473.321
600678.SH,20201012,6.68,6.87,6.67,6.84,62932.49,42821.945
600678.SH,20201009,6.6,6.69,6.6,6.64,39381.56,26211.763
600678.SH,20200930,6.51,6.55,6.45,6.53,36083.0,23478.384
600678.SH,20200929,6.5,6.56,6.47,6.48,31302.01,20386.569
600678.SH,20200928,6.54,6.6,6.43,6.47,35935.81,23328.517
600678.SH,20200925,6.63,6.69,6.42,6.56,63313.26,41483.954
600678.SH,20200924,6.82,6.85,6.62,6.63,68844.68,46056.783
600678.SH,20200923,6.93,6.95,6.85,6.87,39690.62,27322.55
600678.SH,20200922,6.96,7.04,6.88,6.92,50190.53,34871.338
600678.SH,20200921,7.08,7.1,7.02,7.06,50085.49,35283.296
600678.SH,20200918,6.95,7.08,6.88,7.08,63390.31,44359.808
600678.SH,20200917,6.95,6.99,6.9,6.94,53851.18,37363.405
600678.SH,20200916,7.05,7.13,6.94,7.02,55968.44,39422.718
600678.SH,20200915,7.03,7.12,7.02,7.06,69502.97,49061.327
600678.SH,20200914,6.92,7.26,6.88,7.13,121957.46,86164.472
600678.SH,20200911,6.83,6.93,6.81,6.92,59624.51,40969.613
600678.SH,20200910,7.14,7.17,6.85,6.89,98998.61,69464.205
600678.SH,20200909,7.11,7.19,7.07,7.1,86433.14,61551.684
600678.SH,20200908,7.11,7.3,7.04,7.24,116183.98,83210.381
600678.SH,20200907,7.27,7.35,7.08,7.11,116213.58,83565.336
600678.SH,20200904,7.1,7.3,7.03,7.29,94477.4,67790.7
600678.SH,20200903,7.36,7.41,7.19,7.25,134712.81,98196.631
600678.SH,20200902,7.47,7.54,7.29,7.42,140538.01,103963.176
600678.SH,20200901,7.45,7.57,7.36,7.47,139504.42,103820.791
600678.SH,20200831,7.7,7.86,7.5,7.51,238612.27,183139.685
600678.SH,20200828,7.37,7.45,7.26,7.44,137625.25,101588.157
600678.SH,20200827,7.28,7.4,7.2,7.4,128161.31,93716.703
600678.SH,20200826,7.59,7.59,7.2,7.23,205828.7,151323.564
600678.SH,20200825,7.8,7.8,7.52,7.6,245412.65,187344.156
600678.SH,20200824,7.71,7.95,7.67,7.83,267974.86,207861.244
600678.SH,20200821,7.97,8.29,7.7,7.82,399094.54,319291.592
600678.SH,20200820,8.3,8.68,7.91,7.98,739333.49,611062.513
600678.SH,20200819,7.47,8.2,7.41,8.2,431307.18,340538.353
600678.SH,20200818,7.35,7.63,7.26,7.45,203190.66,151747.378
600678.SH,20200817,7.17,7.39,7.17,7.36,123020.01,89804.232
600678.SH,20200814,7.22,7.23,7.1,7.2,81052.34,58031.838
600678.SH,20200813,7.15,7.4,7.11,7.26,128405.88,92786.576
600678.SH,20200812,7.1,7.16,6.93,7.14,115461.88,81128.707
600678.SH,20200811,7.34,7.4,7.1,7.15,132547.0,96110.698
600678.SH,20200810,7.49,7.57,7.35,7.4,152079.64,113152.105
600678.SH,20200807,7.33,7.35,7.13,7.26,135878.49,98141.873
600678.SH,20200806,7.55,7.55,7.23,7.35,201594.99,147999.938
600678.SH,20200805,7.57,7.58,7.41,7.52,157743.97,118019.331
600678.SH,20200804,7.72,7.76,7.49,7.59,210834.0,160514.099
600678.SH,20200803,7.59,7.8,7.55,7.74,263839.53,203356.529
600678.SH,20200731,7.48,7.7,7.38,7.51,244660.96,184217.975
600678.SH,20200730,7.5,7.95,7.49,7.59,350000.68,271383.924
600678.SH,20200729,7.37,7.54,7.19,7.52,247723.11,183919.291
600678.SH,20200728,7.46,7.57,7.33,7.43,219759.8,163759.965
600678.SH,20200727,7.1,7.49,7.1,7.45,259016.44,189078.624
600678.SH,20200724,7.32,7.44,7.01,7.06,206479.53,148526.325
600678.SH,20200723,7.56,7.56,7.15,7.37,310282.16,228371.402
600678.SH,20200722,7.48,7.96,7.42,7.63,372891.07,286742.287
600678.SH,20200721,8.19,8.19,7.54,7.57,627483.36,494021.987
600678.SH,20200720,7.19,7.55,7.07,7.55,187378.83,138353.646
600678.SH,20200717,6.75,6.98,6.69,6.86,129341.53,88523.269
600678.SH,20200716,7.08,7.22,6.68,6.73,173347.76,121454.503
600678.SH,20200715,7.5,7.5,7.04,7.09,230747.92,166008.48
600678.SH,20200714,7.71,7.75,7.39,7.5,316593.58,239373.806
600678.SH,20200713,7.54,8.18,7.31,7.8,433348.41,334684.836
600678.SH,20200710,7.41,7.7,7.26,7.53,512519.43,383334.72
600678.SH,20200709,6.68,7.41,6.65,7.41,448829.04,316471.231
600678.SH,20200708,6.48,6.84,6.44,6.74,258443.77,172370.633
600678.SH,20200707,6.6,6.71,6.36,6.51,233418.32,152384.274
600678.SH,20200706,6.35,6.65,6.34,6.59,246647.02,160337.258
600678.SH,20200703,6.25,6.34,6.23,6.3,143610.02,90361.997
600678.SH,20200702,6.23,6.38,6.17,6.25,141020.95,88156.11
600678.SH,20200701,5.92,6.33,5.88,6.23,173768.05,106954.262
600678.SH,20200630,5.93,5.94,5.88,5.92,45112.9,26651.41
600678.SH,20200629,5.95,5.95,5.84,5.86,54965.69,32261.239
600678.SH,20200624,6.06,6.06,5.95,5.96,45650.41,27325.614
600678.SH,20200623,6.05,6.07,6.01,6.03,37910.0,22876.318
600678.SH,20200622,6.07,6.1,6.02,6.04,59449.56,35941.004
600678.SH,20200619,6.08,6.11,6.05,6.07,50923.38,30925.228
600678.SH,20200618,6.05,6.14,6.02,6.09,50607.02,30785.158
600678.SH,20200617,6.1,6.11,6.01,6.05,55104.67,33346.723
600678.SH,20200616,5.99,6.13,5.98,6.12,87735.74,53137.355
600678.SH,20200615,6.07,6.09,5.97,5.98,66790.02,40179.652
600678.SH,20200612,5.98,6.1,5.93,6.07,62848.7,37687.725
600678.SH,20200611,6.17,6.21,6.08,6.09,71715.98,44000.861
600678.SH,20200610,6.21,6.24,6.15,6.18,46588.0,28868.971
600678.SH,20200609,6.2,6.21,6.15,6.21,39324.43,24312.659
600678.SH,20200608,6.24,6.28,6.16,6.18,57372.02,35625.159
600678.SH,20200605,6.33,6.34,6.2,6.24,62301.69,38947.936
600678.SH,20200604,6.3,6.42,6.21,6.33,84212.32,53246.499
600678.SH,20200603,6.37,6.39,6.26,6.27,81259.13,51439.586
600678.SH,20200602,6.3,6.35,6.26,6.35,83033.83,52473.019
600678.SH,20200601,6.18,6.33,6.15,6.29,80520.63,50382.163
600678.SH,20200529,6.15,6.22,6.11,6.14,46792.0,28831.141
600678.SH,20200528,6.22,6.31,6.15,6.22,51612.43,32097.211
600678.SH,20200527,6.35,6.37,6.21,6.25,55065.54,34632.822
600678.SH,20200526,6.22,6.34,6.22,6.34,47425.54,29897.475
600678.SH,20200525,6.19,6.28,6.17,6.23,39872.0,24781.765
600678.SH,20200522,6.41,6.41,6.22,6.25,67295.75,42331.949
600678.SH,20200521,6.5,6.54,6.38,6.41,78589.34,50594.798
600678.SH,20200520,6.64,6.65,6.4,6.57,132839.31,86295.151
600678.SH,20200519,6.73,6.85,6.67,6.73,100007.92,67426.525
600678.SH,20200518,7.0,7.24,6.72,6.74,200033.1,138231.07
600678.SH,20200515,6.65,6.74,6.61,6.65,84020.52,55939.61
600678.SH,20200514,6.82,6.82,6.6,6.64,122778.4,81943.733
600678.SH,20200513,6.8,6.87,6.71,6.83,105280.99,71580.947
600678.SH,20200512,7.07,7.07,6.76,6.88,145291.0,100038.093
600678.SH,20200511,6.88,7.09,6.86,7.07,225298.67,157961.985
600678.SH,20200508,6.79,6.92,6.76,6.83,124469.02,85118.052
600678.SH,20200507,6.81,6.95,6.78,6.83,139873.33,95991.432
600678.SH,20200506,6.49,6.82,6.44,6.78,134627.66,89777.758
600678.SH,20200430,6.45,6.55,6.35,6.54,87218.22,56536.899
600678.SH,20200429,6.3,6.54,6.24,6.42,105184.61,67634.299
600678.SH,20200428,6.62,6.66,6.0,6.29,131321.09,83202.846
600678.SH,20200427,6.73,6.8,6.6,6.6,96246.38,64377.612
600678.SH,20200424,6.92,6.97,6.71,6.72,120734.51,82359.628
600678.SH,20200423,7.1,7.1,6.9,6.93,148980.69,104062.184
600678.SH,20200422,7.13,7.18,7.06,7.12,125230.74,88944.044
600678.SH,20200421,7.16,7.24,7.01,7.21,222646.39,158942.66
600678.SH,20200420,7.14,7.42,7.1,7.29,363129.34,263113.526
600678.SH,20200417,6.86,7.22,6.77,7.05,314355.77,220700.854
600678.SH,20200416,6.77,6.85,6.63,6.85,98634.31,66657.191
600678.SH,20200415,7.0,7.05,6.8,6.83,121155.54,83492.16
600678.SH,20200414,6.92,7.02,6.82,7.02,116479.48,80486.629
600678.SH,20200413,6.81,7.1,6.81,6.92,180380.48,125581.141
600678.SH,20200410,7.2,7.25,6.81,6.83,162529.93,113812.789
600678.SH,20200409,7.13,7.23,7.06,7.1,136873.51,97350.758
600678.SH,20200408,6.97,7.18,6.95,7.07,163607.22,115492.286
600678.SH,20200407,6.89,7.1,6.8,7.05,195923.0,136820.832
600678.SH,20200403,6.83,6.96,6.73,6.77,144624.0,98572.404
600678.SH,20200402,6.53,6.85,6.46,6.83,180883.93,120404.96
600678.SH,20200401,6.5,6.85,6.39,6.63,249205.85,165642.239
600678.SH,20200331,6.86,6.86,6.38,6.48,235792.11,155045.786
600678.SH,20200330,7.13,7.14,6.71,6.74,263617.1,182478.283
600678.SH,20200327,7.67,7.78,7.4,7.41,214556.36,162863.472
600678.SH,20200326,7.68,7.83,7.52,7.56,226923.18,173269.437
600678.SH,20200325,8.01,8.08,7.76,7.9,287985.94,227290.714
600678.SH,20200324,7.72,7.95,7.49,7.84,251307.86,194671.703
600678.SH,20200323,7.6,7.89,7.53,7.55,217121.86,167308.007
600678.SH,20200320,7.77,7.95,7.61,7.92,309201.88,241084.151
600678.SH,20200319,7.44,7.68,7.33,7.59,232835.29,174333.395
600678.SH,20200318,7.72,8.15,7.6,7.61,303617.56,238859.404
600678.SH,20200317,7.94,8.08,7.22,7.67,279313.34,211836.171
600678.SH,20200316,7.99,8.33,7.55,7.82,329378.15,264346.501
600678.SH,20200313,7.6,7.96,7.52,7.81,299741.4,231240.843
600678.SH,20200312,8.02,8.34,7.96,8.09,237774.5,194012.904
600678.SH,20200311,8.4,8.55,8.18,8.18,332483.44,277133.518
600678.SH,20200310,7.93,8.55,7.78,8.54,425756.12,351582.223
600678.SH,20200309,8.56,8.79,8.04,8.08,499141.02,418464.68
600678.SH,20200306,8.9,9.18,8.81,8.93,527545.45,472733.016
600678.SH,20200305,9.07,9.77,8.78,9.29,876273.21,806452.995
600678.SH,20200304,8.36,9.55,8.36,9.29,1039813.7,943847.424
600678.SH,20200303,8.31,8.68,7.94,8.68,920063.3,759275.336
600678.SH,20200302,7.31,7.89,7.27,7.89,483554.15,373877.728
600678.SH,20200228,7.13,7.79,7.13,7.17,444641.66,328750.617
600678.SH,20200227,7.64,8.3,7.61,7.84,676384.2,541739.555
600678.SH,20200226,7.09,8.02,7.07,7.79,662969.57,512203.955
600678.SH,20200225,7.25,7.39,6.98,7.29,328383.31,237933.253
600678.SH,20200224,7.54,7.62,7.37,7.57,353473.17,264980.259
600678.SH,20200221,7.39,7.58,7.22,7.41,327764.28,242412.925
600678.SH,20200220,7.3,7.43,7.16,7.37,332167.62,242256.0
600678.SH,20200219,7.25,7.82,7.2,7.46,466614.54,351711.764
600678.SH,20200218,7.41,7.5,7.23,7.33,324242.01,237566.157
600678.SH,20200217,7.29,7.56,7.18,7.51,410907.96,302728.783
600678.SH,20200214,6.91,7.52,6.8,7.38,506078.19,361313.051
600678.SH,20200213,6.65,7.2,6.58,7.02,418371.85,292030.095
600678.SH,20200212,6.25,6.88,6.25,6.7,325950.6,216661.897
600678.SH,20200211,7.1,7.18,6.54,6.57,491884.19,336883.076
600678.SH,20200210,5.9,6.57,5.9,6.57,204400.06,128926.032
600678.SH,20200207,5.92,6.06,5.82,5.97,154533.01,91727.203
600678.SH,20200206,6.09,6.11,5.86,5.98,188701.73,112403.772
600678.SH,20200205,5.65,6.05,5.65,5.94,214330.39,126611.516
600678.SH,20200204,5.27,5.85,5.27,5.65,235813.15,130305.616
600678.SH,20200203,5.85,5.85,5.85,5.85,14255.0,8339.175
600678.SH,20200123,6.74,6.85,6.37,6.5,188075.56,123757.816
600678.SH,20200122,6.89,6.97,6.6,6.79,173389.02,118477.57
600678.SH,20200121,7.58,7.58,6.85,6.93,314020.9,225885.095
600678.SH,20200120,7.5,7.67,7.46,7.58,153696.74,116343.138
600678.SH,20200117,7.54,7.72,7.45,7.55,187717.7,142259.572
600678.SH,20200116,7.64,7.74,7.54,7.58,176982.09,135153.831
600678.SH,20200115,7.56,7.75,7.45,7.61,213683.94,162014.348
600678.SH,20200114,7.67,7.86,7.48,7.69,321109.52,246054.026
600678.SH,20200113,7.61,7.66,7.38,7.6,283043.69,213300.817
600678.SH,20200110,7.83,7.97,7.4,7.76,406340.47,312057.318
600678.SH,20200109,7.77,7.96,7.54,7.73,346407.14,266189.405
600678.SH,20200108,8.05,8.3,7.62,7.77,470476.48,375004.046
600678.SH,20200107,7.9,8.29,7.84,7.99,528136.09,423161.464
600678.SH,20200106,7.4,8.4,7.3,8.22,716831.89,553369.17
600678.SH,20200103,8.59,8.59,7.73,7.73,959005.16,768713.678
600678.SH,20200102,8.15,8.59,8.15,8.59,454345.56,384776.148
